# slot range... : ranges read in intervals [slot, slot+1)
30 0 3 9 14 15 24 28 35 38 40 45 48 50 55 56 58 59 60 66 70 72 73 75 80 91 96
31 0 3 9 14 15 24 28 35 38 40 45 50 55 56 58 59 60 66 70 75 80 91 96
32 0 3 9 10 14 15 22 35 38 40 42 45 50 55 56 58 59 63 66 75 80 81 91 96
33 9 10 15 22 35 36 40 42 45 50 55 56 59 63 64 75 80 81 91 96
34 9 10 15 22 25 36 40 42 45 50 53 56 59 63 64 73 75 80 81 82 91
35 9 10 15 22 25 36 40 42 45 50 52 53 56 59 63 64 72 73 75 80 81 82 91
36 15 21 22 25 36 42 45 52 53 54 56 59 64 66 72 73 78 80 81 82 91
37 2 15 21 22 25 36 45 49 50 52 53 54 55 56 59 66 70 72 73 78 80 81 82 90 91
38 2 5 21 22 25 33 36 49 50 52 54 55 56 58 59 66 70 72 78 81 87 90 91 94
39 2 5 10 14 21 22 25 33 36 49 50 52 54 55 56 58 66 70 72 78 81 87 90 91 94 99
40 2 5 6 10 14 15 20 22 24 25 33 36 44 49 50 52 55 56 58 70 71 72 85 87 90 91 94 99
41 2 5 6 10 12 14 15 18 20 24 25 33 44 50 52 56 58 71 72 85 87 91 94 96 99
42 6 9 10 12 14 15 18 20 24 25 31 35 40 44 50 52 56 58 63 68 71 72 85 87 91 96 99
43 6 9 12 15 18 20 24 25 31 35 40 44 50 56 63 68 69 71 72 77 85 87 96 97 99
44 1 6 9 10 12 15 18 24 25 31 35 38 40 44 56 63 64 68 69 70 72 77 87 96 97 99
45 1 3 6 9 10 12 14 15 18 31 35 38 39 40 44 56 57 63 64 67 68 69 70 72 77 82 86 97 99
46 1 3 6 10 12 14 15 21 25 31 38 39 40 44 57 64 67 69 70 77 80 82 86 96 97 99
47 1 3 10 12 14 15 21 25 31 36 38 39 40 44 57 63 64 67 70 80 81 82 86 96
48 2 3 10 12 14 15 21 25 36 39 40 44 52 56 57 60 63 67 72 75 76 80 81 82 86 87 95 96
49 2 11 19 21 25 36 40 44 52 56 60 63 72 75 76 80 81 82 87 95 96 99
50 0 2 11 16 19 21 36 42 44 52 56 57 59 60 63 72 75 76 80 81 82 87 95 96 99
51 0 2 6 11 16 19 22 25 36 42 44 52 54 56 57 59 60 63 72 75 76 80 82 83 87 95 99
52 0 2 6 11 16 19 21 22 24 25 36 39 41 42 44 52 54 56 57 59 73 75 82 83 87 96 99
53 0 5 6 7 12 16 21 22 24 25 39 40 41 42 43 44 52 54 56 57 59 66 72 73 75 82 83 86 91 96 97
54 2 5 6 7 12 21 22 24 25 36 39 40 41 43 50 53 54 56 59 63 66 72 73 74 75 80 83 86 91 96 97
55 2 5 6 7 10 12 21 24 36 39 40 41 43 44 50 52 53 54 56 59 63 66 72 73 74 80 82 86 91 94 96 97
56 2 5 7 10 12 18 20 21 24 25 36 38 40 43 44 50 52 53 56 59 63 66 72 74 75 78 80 82 86 87 91 94 97
57 2 10 18 20 21 25 36 38 44 50 52 53 56 59 63 66 74 75 78 80 82 87 94 96
58 2 9 10 18 20 21 22 25 31 33 38 44 50 52 56 59 63 75 78 82 87 94 96 99
59 2 9 10 16 18 20 21 22 25 31 33 38 44 56 59 63 75 78 87 93 96 99
60 2 9 10 15 16 20 21 22 25 31 33 44 56 57 59 60 63 87 91 93 96 99
61 0 2 6 9 10 15 16 20 22 25 27 31 33 34 36 40 44 56 57 59 60 63 91 93 96 99
62 0 6 9 10 12 15 16 20 22 25 27 34 36 40 56 57 59 60 63 72 84 91 93 96
63 0 6 9 10 12 15 20 22 25 27 34 36 40 52 56 57 60 63 72 75 84 91 96 99
64 0 6 9 12 15 22 25 27 34 36 40 48 50 51 52 56 59 63 72 75 77 84 91 96 99
65 6 9 12 25 40 48 50 51 52 56 57 58 59 63 71 72 75 77 84 91 96 99
66 6 9 15 18 25 38 39 41 48 50 51 52 56 57 58 59 63 71 72 75 77 91 96 99
67 6 15 18 25 34 36 38 39 41 48 50 51 56 57 58 59 71 72 77 83 86 96 99
68 15 18 25 31 34 36 38 39 40 41 50 56 57 58 63 71 72 75 78 83 86 96
69 15 18 24 31 33 34 36 37 38 39 40 41 43 44 50 52 56 63 66 72 75 76 78 80 83 84 86 96
70 10 11 15 24 31 33 34 35 36 37 40 43 44 48 50 52 56 59 63 66 74 75 76 78 80 83 84 86
71 10 11 15 22 24 31 33 34 35 37 40 43 44 48 50 52 55 56 59 63 66 74 75 76 78 80 84 86 99
72 1 9 10 11 15 20 22 24 32 33 35 37 38 40 43 44 45 48 52 55 56 57 59 64 66 70 74 75 76 80 83 84 99
73 1 9 10 11 15 20 22 32 35 38 40 45 48 55 57 59 64 70 74 75 79 80 83 91 99
74 1 3 9 14 20 22 24 32 35 38 40 45 48 55 57 59 64 70 74 79 82 83 91 93 94 99
75 1 3 9 14 18 20 21 22 24 26 32 38 45 57 59 64 70 79 82 83 91 93 94 96 99
76 1 3 9 14 18 21 22 24 26 27 32 45 62 70 79 82 85 87 91 93 94 96 99
77 1 2 3 9 14 18 21 22 24 26 27 31 41 44 45 56 62 63 69 72 80 82 85 87 88 89 91 93 94 96 99
78 2 3 9 10 15 18 21 26 27 31 41 44 45 56 62 63 69 72 80 85 86 87 88 89 91 95 96
79 2 3 9 10 15 26 27 31 41 44 45 56 62 63 69 72 74 75 80 85 86 87 88 89 91 95 96
80 2 9 10 15 16 20 25 28 31 40 41 44 45 54 56 59 62 63 69 72 74 75 80 86 88 89 95 96
81 5 9 10 14 15 16 20 25 28 30 40 44 54 56 59 63 74 75 80 86 95 96
82 5 6 14 15 16 20 25 28 30 40 44 54 56 59 62 63 72 74 75 80 86 87 91 96
83 5 6 10 12 14 16 20 23 25 28 30 35 40 44 54 56 59 62 63 72 75 80 87 91 96
84 5 6 10 12 14 15 23 30 35 44 48 56 59 62 63 72 75 80 87 91 96
85 5 6 7 10 12 15 18 23 24 25 35 38 40 44 48 56 59 62 63 70 72 75 80 87 91
86 5 6 7 10 12 15 18 22 23 24 25 31 35 38 40 44 48 56 59 70 75 80 87
87 5 6 7 10 12 14 15 18 22 24 25 31 35 38 40 44 48 53 56 59 70 72 75 80 96
88 5 6 7 10 12 14 18 22 24 25 31 35 38 40 51 52 53 56 59 63 64 70 72 74 75 78 87 91 96
89 6 10 12 14 15 22 25 31 35 51 52 53 56 63 64 70 72 74 78 82 87 91 93 96
90 6 10 12 14 15 20 25 27 33 40 41 51 52 53 56 63 64 68 70 72 74 78 82 87 91 93 96
91 6 9 10 12 14 15 20 21 25 27 33 40 41 45 51 52 56 61 63 64 68 69 70 74 78 82 86 87 91 93
92 9 12 13 14 15 20 21 25 27 33 38 40 41 45 52 56 61 68 69 72 78 80 82 86 93
93 1 2 9 10 13 14 15 20 21 25 27 30 33 38 40 41 44 45 50 56 61 68 69 72 73 80 86 98 99
94 1 2 3 9 10 13 15 21 30 38 40 44 45 50 53 56 61 62 66 69 72 73 75 80 86 96 98 99
95 1 2 3 9 10 13 15 25 30 38 40 44 45 50 53 54 56 62 63 66 69 72 73 75 78 80 86 96 98 99
96 1 2 3 5 10 25 30 39 40 44 45 46 50 53 54 55 56 62 63 66 72 73 75 78 80 96 98 99
97 3 5 25 26 33 39 40 45 46 53 54 55 56 62 63 66 72 75 78 80 84 96
98 5 9 10 25 26 29 33 36 39 40 45 46 48 54 55 56 62 63 72 75 78 80 84 89 96
99 5 9 10 26 28 29 33 36 39 40 45 46 48 52 54 55 56 66 69 72 73 75 80 84 89 96
100 5 9 10 24 26 28 29 33 36 38 48 52 54 56 59 66 69 73 74 75 80 84 89 99
101 5 9 10 11 14 24 25 28 29 33 35 36 38 48 49 52 55 56 59 65 66 69 73 74 75 89 91 96 99
102 10 11 14 20 24 25 28 35 38 49 52 55 56 57 59 65 66 69 73 74 75 83 87 91 96 99
103 9 10 11 14 20 24 25 35 38 49 52 55 56 57 59 65 66 69 70 72 74 83 87 91 96 99
104 6 9 10 11 14 20 24 25 35 44 49 55 56 57 59 65 66 70 72 83 87 90 91 96 98 99
105 6 9 14 20 24 25 44 46 49 50 55 56 57 58 67 70 72 83 87 90 96 98 99
106 6 9 12 14 24 29 35 44 46 49 50 54 56 57 58 67 70 72 81 83 87 90 96 98 99
107 2 6 9 12 14 15 24 29 35 44 46 49 50 54 56 57 58 63 67 81 87 90 96 98 99
108 2 5 6 12 15 29 35 36 44 46 49 50 54 56 57 58 63 67 69 81 87 96 98 99
109 2 5 6 9 10 12 15 29 33 35 36 40 44 48 49 52 54 56 57 63 67 69 71 81 87 94 96 99
110 2 5 6 9 10 12 15 18 29 33 36 38 40 44 48 49 52 56 57 63 69 71 81 85 87 94 99
111 5 6 9 10 12 15 18 33 36 38 40 44 48 49 52 56 57 69 71 81 85 87 94 96 99
112 5 9 10 12 15 18 25 29 31 33 36 38 40 44 48 52 56 57 63 69 71 72 80 85 87 88 94 96 99
113 5 10 18 25 29 31 36 38 40 44 52 56 57 63 69 72 80 85 87 88 90 96 99
114 5 10 18 25 29 31 44 52 56 57 58 63 69 72 80 88 90 95 96 99
115 5 10 25 29 31 37 48 52 56 57 58 63 69 72 80 88 90 95 96
116 5 10 15 16 25 37 48 50 56 57 58 63 69 72 88 90 93 95 96
117 5 6 10 15 16 25 27 37 38 43 48 50 56 58 63 69 72 75 87 93 94 95 96
118 6 10 15 16 25 27 37 38 40 43 44 48 50 56 59 72 74 75 87 93 94 96
119 6 9 10 15 16 25 27 38 40 43 44 50 56 59 72 74 75 85 87 93 94 96
120 6 9 20 22 25 27 38 40 43 44 45 49 50 56 59 63 65 72 74 75 85 87 93 94 96 99
121 9 20 22 25 38 40 44 45 49 50 56 59 63 65 70 72 74 85 93 96 99
122 9 14 15 20 22 27 38 45 49 50 56 59 62 63 65 70 72 85 87 93 96 99
123 6 9 14 15 20 22 27 38 44 45 49 50 56 57 59 60 62 63 65 70 72 87 93 96 99
124 6 9 11 14 15 27 37 38 44 45 50 56 57 59 60 62 63 70 72 80 87 93 96 99
125 0 6 9 11 12 14 15 22 27 37 44 45 50 56 57 59 60 62 63 66 75 80 83 87 96 99
126 0 6 9 11 12 15 22 37 44 45 55 56 57 59 60 63 66 75 80 83 87 91 96 99
127 0 6 9 11 12 15 22 24 37 44 45 55 56 59 63 66 75 80 83 87 91 96 99
128 0 3 6 9 12 15 22 24 31 35 37 44 45 55 56 59 66 75 80 83 85 91 96 99
129 3 6 9 12 15 22 24 31 35 44 55 56 57 59 72 75 85 91 99
130 3 9 10 12 22 24 27 31 35 50 55 56 57 59 72 75 85 91 96 99
131 3 9 10 12 17 18 22 25 27 31 35 50 56 57 59 60 72 85 91 96 99
132 3 9 10 13 17 18 22 25 27 50 56 57 59 60 63 72 91 96 99
133 0 9 10 13 15 17 18 22 24 25 27 31 48 50 53 56 60 63 66 72 91 96 99
134 0 9 10 13 15 17 18 24 25 31 35 38 48 50 53 55 56 60 63 66 72 96 99
135 0 9 10 13 15 24 31 35 38 40 48 50 53 55 56 57 63 66 72 75 78 99
136 0 9 10 15 16 24 25 30 31 33 35 38 40 46 48 53 55 56 57 59 63 66 70 72 75 78 80 82 96 99
137 9 10 15 16 25 30 33 35 38 40 46 53 55 57 59 62 65 70 75 78 80 82 83 96 99
138 6 9 12 14 15 16 21 24 25 29 30 33 38 40 46 57 59 62 63 65 70 78 80 82 83 96 99
139 2 6 9 10 12 14 16 21 24 25 29 30 33 38 40 46 59 62 63 65 69 70 73 80 82 83 96 99
140 2 6 10 12 13 14 16 21 24 29 33 35 38 40 57 62 63 65 69 73 75 80 82 83 99
141 2 6 10 12 13 14 21 24 25 29 35 38 45 55 57 63 66 69 70 73 75 79 80 82 89 94 96 99
142 2 6 9 10 12 13 21 25 35 38 45 53 55 57 63 66 69 70 72 73 74 75 79 80 82 89 93 94 96
143 2 6 9 10 12 13 21 25 35 45 53 55 57 63 66 70 72 74 75 78 79 82 89 93 94 96
144 2 6 9 10 12 15 20 21 25 27 30 45 50 53 55 58 63 66 70 72 74 75 78 79 89 93 94 96 99
145 2 6 9 12 15 20 24 27 30 33 45 48 50 53 55 58 62 63 70 72 73 74 78 93 94 96 99
146 2 6 9 15 20 24 27 30 33 35 38 45 48 50 55 57 58 62 66 72 73 78 92 94 99
147 9 15 20 24 27 30 33 35 38 40 41 45 48 50 56 57 58 62 66 72 73 78 79 80 92 94 99
148 9 12 15 24 33 34 35 38 40 41 45 48 50 55 56 57 62 66 70 73 75 78 79 80 90 92 96
149 9 12 14 15 31 33 34 35 38 40 41 45 50 52 55 56 57 58 60 66 70 75 78 79 80 81 86 90 92 93 96
150 0 6 9 12 14 25 31 33 34 36 40 41 44 52 55 56 58 60 63 70 75 78 79 80 81 84 86 90 93 96 99
151 0 6 9 10 12 14 15 25 27 31 33 34 36 44 48 52 55 56 58 60 63 70 75 80 81 84 86 90 93 96 99
152 0 4 6 9 10 12 14 15 25 27 29 31 33 36 40 44 48 52 56 57 58 60 63 72 75 80 81 84 86 93 99
153 0 4 6 9 10 12 15 25 27 29 36 40 44 48 52 56 57 60 63 72 75 84 99
154 0 4 6 9 10 12 15 25 27 29 32 40 46 48 50 52 56 57 59 60 69 72 75
155 0 4 6 9 10 15 25 29 32 40 46 50 52 56 57 59 60 69 72 75 83 87 88
156 0 4 6 10 15 25 29 32 40 46 50 59 60 69 71 72 75 80 83 87 88 94
157 0 10 18 24 25 29 32 35 40 44 46 50 59 65 69 71 72 75 80 83 87 88 94 95
158 10 16 18 24 25 29 35 44 50 56 59 65 69 71 72 75 80 83 85 87 88 94 95 99
159 10 16 18 24 25 29 31 35 44 50 56 59 65 69 70 71 72 75 80 85 94 95 99
160 6 10 14 16 18 22 24 25 27 31 35 44 48 50 56 57 59 65 69 70 72 75 83 85 87 95 99
161 6 10 14 16 22 25 27 31 35 44 47 48 56 57 59 69 70 72 83 85 87 99
162 6 9 10 14 22 23 24 25 27 31 35 36 38 44 47 48 56 57 70 72 83 87 91 96 99
163 6 9 10 14 22 23 24 25 27 35 36 38 44 47 48 54 56 57 70 76 81 83 87 91 96 99
164 5 9 14 23 24 25 35 36 38 44 47 48 52 54 56 70 71 76 80 81 87 91 96 99
165 5 9 11 14 18 23 24 28 32 35 36 38 42 52 54 56 57 63 70 71 75 76 80 81 87 91 96 99
166 5 10 11 14 18 25 28 31 32 35 36 42 52 54 56 57 63 70 71 75 76 80 81 87 91 94 96 99
167 5 10 11 14 18 25 28 31 32 36 42 52 56 57 59 63 70 71 73 75 80 83 87 91 94 96 99
168 5 10 11 18 22 24 25 28 31 32 36 39 42 52 56 57 59 63 66 70 73 75 78 80 83 85 87 91 94
169 10 18 22 24 25 31 33 39 52 56 59 66 73 76 78 80 83 85 91 94
170 10 11 22 24 25 31 33 36 39 52 55 56 59 66 72 73 75 76 78 80 83 85 89 91
171 1 10 11 22 24 25 33 36 39 47 52 55 56 59 60 66 72 75 76 78 80 85 89 91 99
172 1 10 11 25 33 36 44 47 52 55 56 57 59 60 66 72 74 75 76 83 89 91 97 99
173 0 1 3 11 17 19 22 24 25 36 44 47 51 52 55 56 57 59 60 72 74 75 82 83 89 93 97 99
174 0 1 3 17 19 20 22 24 25 27 36 42 44 47 51 52 53 56 57 59 60 74 82 83 93 96 97 99
175 0 3 9 17 19 20 21 22 24 25 27 36 41 42 44 51 52 53 56 57 74 75 82 83 93 96 97
176 0 2 3 9 13 17 19 20 21 22 24 25 27 28 32 36 41 42 44 51 52 53 56 57 59 63 73 75 78 82 86 93 96
177 2 9 13 20 21 24 25 27 28 32 41 42 44 52 53 56 59 63 73 74 75 78 86 96
178 2 9 13 20 21 25 27 28 32 33 41 44 52 53 56 59 63 66 73 74 75 78 86 91 94 99
179 2 9 13 15 20 25 27 28 32 33 44 53 56 59 63 66 67 73 74 78 86 91 94 99
180 6 9 15 20 27 28 32 33 44 53 56 57 66 67 74 78 85 86 91 94 99
181 1 6 9 12 15 18 20 28 33 40 44 53 56 57 64 66 67 71 72 78 81 85 91 94 99
182 1 3 6 9 12 15 18 28 31 33 36 40 56 57 64 67 71 72 78 81 85 91 96 99
183 1 3 6 9 12 15 18 31 33 36 40 56 57 63 64 71 72 78 80 81 82 85 91 96 99
184 1 3 6 10 12 18 21 26 31 33 36 40 52 56 57 63 64 71 72 75 80 81 82 91 96 99
185 3 6 8 10 12 18 21 26 31 33 36 40 52 56 57 63 75 80 82 96 99
186 2 6 8 10 12 18 21 25 26 31 36 40 52 56 57 63 75 80 82 89 96 99
187 2 6 8 10 12 21 25 26 31 36 40 52 56 57 63 74 75 80 89 96 97
188 2 6 8 10 12 15 21 25 26 36 52 57 63 74 75 80 89 93 96 97
189 0 2 6 10 12 15 16 20 22 25 26 27 40 52 59 63 74 75 80 82 89 93 97
190 0 6 12 15 16 20 21 22 25 26 27 40 59 72 74 75 82 89 91 93 97
191 0 6 9 12 15 16 20 21 22 25 26 27 40 59 72 74 75 82 89 91 93
192 0 2 6 9 12 16 20 21 22 24 27 40 56 59 72 74 75 82 84 87 89 91 93 99
193 2 6 9 12 20 21 22 24 27 44 56 57 59 66 72 74 75 84 87 89 91 93 99
194 2 6 9 12 20 21 22 24 27 35 44 48 55 56 57 59 66 74 75 79 84 87 91 93 96 99
195 2 6 9 12 20 22 24 27 31 35 44 45 48 55 56 57 59 60 66 70 79 84 87 91 93 96 99
196 5 6 9 20 22 27 31 35 38 44 45 48 55 56 57 58 60 63 66 70 79 93 96 99
197 0 5 6 9 10 14 15 22 27 31 35 38 45 48 55 56 58 60 63 70 79 84 93 96 99
198 0 5 9 10 14 15 27 31 38 45 55 56 58 60 63 70 75 84 93 96 99
199 0 5 9 10 14 15 25 27 38 40 45 48 55 56 57 58 63 70 75 84 93 96 99
200 0 9 10 14 15 16 23 25 27 40 45 48 50 55 56 57 59 72 75 80 84 96 99
201 3 6 9 10 15 16 23 25 27 31 38 40 45 48 50 57 59 72 75 80 96 99
202 3 5 6 9 10 16 23 25 31 38 40 45 48 50 56 57 59 63 72 80 84 96 99
203 3 5 6 10 12 16 23 28 31 38 45 48 50 56 57 59 63 72 80 84 90 96 99
204 3 5 6 10 12 16 25 28 31 38 48 53 56 57 63 72 84 90 96
205 5 6 10 12 15 16 25 28 38 48 53 56 57 58 63 72 84 85 90 91 94 96
206 6 10 12 15 16 25 28 38 48 53 56 58 63 72 78 85 90 91 94 96
207 6 12 15 16 25 33 38 48 53 56 58 63 72 78 85 91 94 96
208 4 6 12 15 25 32 33 38 39 40 46 50 56 58 63 72 78 85 91 94 96
209 4 6 10 12 15 29 32 33 38 39 40 46 50 56 63 72 78 85 96 99
210 4 6 10 12 15 29 32 33 36 39 40 46 50 56 63 72 80 85 94 96 99
