# slot range... : ranges read in intervals [slot, slot+20)
30 0 1 2 3 5 6 9 10 11 12 14 15 18 19 20 21 22 24 25 28 31 33 35 36 38 39 40 42 44 45 48 49 50 52 53 54 55 56 57 58 59 60 63 64 66 67 68 69 70 71 72 73 75 76 77 78 80 81 82 85 86 87 90 91 94 95 96 97 99
31 0 1 2 3 5 6 9 10 11 12 14 15 16 18 19 20 21 22 24 25 28 31 33 35 36 38 39 40 42 44 45 49 50 52 53 54 55 56 57 58 59 60 63 64 66 67 68 69 70 71 72 73 75 76 77 78 80 81 82 85 86 87 90 91 94 95 96 97 99
32 0 1 2 3 5 6 9 10 11 12 14 15 16 18 19 20 21 22 24 25 31 33 35 36 38 39 40 42 44 45 49 50 52 53 54 55 56 57 58 59 60 63 64 66 67 68 69 70 71 72 73 75 76 77 78 80 81 82 83 85 86 87 90 91 94 95 96 97 99
33 0 1 2 3 5 6 9 10 11 12 14 15 16 18 19 20 21 22 24 25 31 33 35 36 38 39 40 41 42 44 45 49 50 52 53 54 55 56 57 58 59 60 63 64 66 67 68 69 70 71 72 73 75 76 77 78 80 81 82 83 85 86 87 90 91 94 95 96 97 99
34 0 1 2 3 5 6 7 9 10 11 12 14 15 16 18 19 20 21 22 24 25 31 33 35 36 38 39 40 41 42 43 44 45 49 50 52 53 54 55 56 57 58 59 60 63 64 66 67 68 69 70 71 72 73 75 76 77 78 80 81 82 83 85 86 87 90 91 94 95 96 97 99
35 0 1 2 3 5 6 7 9 10 11 12 14 15 16 18 19 20 21 22 24 25 31 33 35 36 38 39 40 41 42 43 44 45 49 50 52 53 54 55 56 57 58 59 60 63 64 66 67 68 69 70 71 72 73 74 75 76 77 78 80 81 82 83 85 86 87 90 91 94 95 96 97 99
36 0 1 2 3 5 6 7 9 10 11 12 14 15 16 18 19 20 21 22 24 25 31 33 35 36 38 39 40 41 42 43 44 45 49 50 52 53 54 55 56 57 58 59 60 63 64 66 67 68 69 70 71 72 73 74 75 76 77 78 80 81 82 83 85 86 87 90 91 94 95 96 97 99
37 0 1 2 3 5 6 7 9 10 11 12 14 15 16 18 19 20 21 22 24 25 31 33 35 36 38 39 40 41 42 43 44 45 49 50 52 53 54 55 56 57 58 59 60 63 64 66 67 68 69 70 71 72 73 74 75 76 77 78 80 81 82 83 85 86 87 90 91 94 95 96 97 99
38 0 1 2 3 5 6 7 9 10 11 12 14 15 16 18 19 20 21 22 24 25 31 33 35 36 38 39 40 41 42 43 44 49 50 52 53 54 55 56 57 58 59 60 63 64 66 67 68 69 70 71 72 73 74 75 76 77 78 80 81 82 83 85 86 87 90 91 94 95 96 97 99
39 0 1 2 3 5 6 7 9 10 11 12 14 15 16 18 19 20 21 22 24 25 31 33 35 36 38 39 40 41 42 43 44 49 50 52 53 54 55 56 57 58 59 60 63 64 66 67 68 69 70 71 72 73 74 75 76 77 78 80 81 82 83 85 86 87 90 91 94 95 96 97 99
40 0 1 2 3 5 6 7 9 10 11 12 14 15 16 18 19 20 21 22 24 25 31 33 35 36 38 39 40 41 42 43 44 49 50 52 53 54 55 56 57 58 59 60 63 64 66 67 68 69 70 71 72 73 74 75 76 77 78 80 81 82 83 85 86 87 90 91 93 94 95 96 97 99
41 0 1 2 3 5 6 7 9 10 11 12 14 15 16 18 19 20 21 22 24 25 31 33 35 36 38 39 40 41 42 43 44 50 52 53 54 56 57 58 59 60 63 64 66 67 68 69 70 71 72 73 74 75 76 77 78 80 81 82 83 85 86 87 91 93 94 95 96 97 99
42 0 1 2 3 5 6 7 9 10 11 12 14 15 16 18 19 20 21 22 24 25 27 31 33 34 35 36 38 39 40 41 42 43 44 50 52 53 54 56 57 58 59 60 63 64 66 67 68 69 70 71 72 73 74 75 76 77 78 80 81 82 83 85 86 87 91 93 94 95 96 97 99
43 0 1 2 3 5 6 7 9 10 11 12 14 15 16 18 19 20 21 22 24 25 27 31 33 34 35 36 38 39 40 41 42 43 44 50 52 53 54 56 57 59 60 63 64 66 67 68 69 70 71 72 73 74 75 76 77 78 80 81 82 83 84 85 86 87 91 93 94 95 96 97 99
44 0 1 2 3 5 6 7 9 10 11 12 14 15 16 18 19 20 21 22 24 25 27 31 33 34 35 36 38 39 40 41 42 43 44 50 52 53 54 56 57 59 60 63 64 66 67 68 69 70 72 73 74 75 76 77 78 80 81 82 83 84 86 87 91 93 94 95 96 97 99
45 0 1 2 3 5 6 7 9 10 11 12 14 15 16 18 19 20 21 22 24 25 27 31 33 34 35 36 38 39 40 41 42 43 44 48 50 51 52 53 54 56 57 59 60 63 64 66 67 68 69 70 72 73 74 75 76 77 78 80 81 82 83 84 86 87 91 93 94 95 96 97 99
46 0 1 2 3 5 6 7 9 10 11 12 14 15 16 18 19 20 21 22 24 25 27 31 33 34 36 38 39 40 41 42 43 44 48 50 51 52 53 54 56 57 58 59 60 63 64 66 67 69 70 71 72 73 74 75 76 77 78 80 81 82 83 84 86 87 91 93 94 95 96 97 99
47 0 1 2 3 5 6 7 9 10 11 12 14 15 16 18 19 20 21 22 24 25 27 31 33 34 36 38 39 40 41 42 43 44 48 50 51 52 53 54 56 57 58 59 60 63 64 66 67 70 71 72 73 74 75 76 77 78 80 81 82 83 84 86 87 91 93 94 95 96 97 99
48 0 2 3 5 6 7 9 10 11 12 14 15 16 18 19 20 21 22 24 25 27 31 33 34 36 38 39 40 41 42 43 44 48 50 51 52 53 54 56 57 58 59 60 63 66 67 71 72 73 74 75 76 77 78 80 81 82 83 84 86 87 91 93 94 95 96 97 99
49 0 2 5 6 7 9 10 11 12 15 16 18 19 20 21 22 24 25 27 31 33 34 36 38 39 40 41 42 43 44 48 50 51 52 53 54 56 57 58 59 60 63 66 71 72 73 74 75 76 77 78 80 81 82 83 84 86 87 91 93 94 95 96 97 99
50 0 2 5 6 7 9 10 11 12 15 16 18 19 20 21 22 24 25 27 31 33 34 36 37 38 39 40 41 42 43 44 48 50 51 52 53 54 56 57 58 59 60 63 66 71 72 73 74 75 76 77 78 80 81 82 83 84 86 87 91 93 94 95 96 97 99
51 0 2 5 6 7 9 10 11 12 15 16 18 19 20 21 22 24 25 27 31 33 34 35 36 37 38 39 40 41 42 43 44 48 50 51 52 53 54 56 57 58 59 60 63 66 71 72 73 74 75 76 77 78 80 82 83 84 86 87 91 93 94 95 96 97 99
52 0 2 5 6 7 9 10 11 12 15 16 18 19 20 21 22 24 25 27 31 33 34 35 36 37 38 39 40 41 42 43 44 48 50 51 52 53 54 55 56 57 58 59 60 63 66 71 72 73 74 75 76 77 78 80 82 83 84 86 87 91 93 94 96 97 99
53 0 1 2 5 6 7 9 10 11 12 15 16 18 20 21 22 24 25 27 31 32 33 34 35 36 37 38 39 40 41 42 43 44 45 48 50 51 52 53 54 55 56 57 58 59 60 63 64 66 70 71 72 73 74 75 76 77 78 80 82 83 84 86 87 91 93 94 96 97 99
54 0 1 2 5 6 7 9 10 11 12 15 16 18 20 21 22 24 25 27 31 32 33 34 35 36 37 38 39 40 41 43 44 45 48 50 51 52 53 54 55 56 57 58 59 60 63 64 66 70 71 72 73 74 75 76 77 78 79 80 82 83 84 86 87 91 93 94 96 97 99
55 0 1 2 3 5 6 7 9 10 11 12 14 15 16 18 20 21 22 24 25 27 31 32 33 34 35 36 37 38 39 40 41 43 44 45 48 50 51 52 53 54 55 56 57 58 59 60 63 64 66 70 71 72 73 74 75 76 77 78 79 80 82 83 84 86 87 91 93 94 96 97 99
56 0 1 2 3 5 6 7 9 10 11 12 14 15 16 18 20 21 22 24 25 26 27 31 32 33 34 35 36 37 38 39 40 41 43 44 45 48 50 51 52 53 55 56 57 58 59 60 63 64 66 70 71 72 74 75 76 77 78 79 80 82 83 84 86 87 91 93 94 96 97 99
57 0 1 2 3 6 9 10 11 12 14 15 16 18 20 21 22 24 25 26 27 31 32 33 34 35 36 37 38 39 40 41 43 44 45 48 50 51 52 53 55 56 57 58 59 60 62 63 64 66 70 71 72 74 75 76 77 78 79 80 82 83 84 85 86 87 91 93 94 96 99
58 0 1 2 3 6 9 10 11 12 14 15 16 18 20 21 22 24 25 26 27 31 32 33 34 35 36 37 38 39 40 41 43 44 45 48 50 51 52 55 56 57 58 59 60 62 63 64 66 69 70 71 72 74 75 76 77 78 79 80 82 83 84 85 86 87 88 89 91 93 94 96 99
59 0 1 2 3 6 9 10 11 12 14 15 16 18 20 21 22 24 25 26 27 31 32 33 34 35 36 37 38 39 40 41 43 44 45 48 50 51 52 55 56 57 58 59 60 62 63 64 66 69 70 71 72 74 75 76 77 78 79 80 82 83 84 85 86 87 88 89 91 93 94 95 96 99
60 0 1 2 3 6 9 10 11 12 14 15 16 18 20 21 22 24 25 26 27 31 32 33 34 35 36 37 38 39 40 41 43 44 45 48 50 51 52 55 56 57 58 59 60 62 63 64 66 69 70 71 72 74 75 76 77 78 79 80 82 83 84 85 86 87 88 89 91 93 94 95 96 99
61 0 1 2 3 6 9 10 11 12 14 15 16 18 20 21 22 24 25 26 27 28 31 32 33 34 35 36 37 38 39 40 41 43 44 45 48 50 51 52 54 55 56 57 58 59 60 62 63 64 66 69 70 71 72 74 75 76 77 78 79 80 82 83 84 85 86 87 88 89 91 93 94 95 96 99
62 0 1 2 3 5 6 9 10 11 12 14 15 16 18 20 21 22 24 25 26 27 28 30 31 32 33 34 35 36 37 38 39 40 41 43 44 45 48 50 51 52 54 55 56 57 58 59 60 62 63 64 66 69 70 71 72 74 75 76 77 78 79 80 82 83 84 85 86 87 88 89 91 93 94 95 96 99
63 0 1 2 3 5 6 9 10 11 12 14 15 16 18 20 21 22 24 25 26 27 28 30 31 32 33 34 35 36 37 38 39 40 41 43 44 45 48 50 51 52 54 55 56 57 58 59 60 62 63 64 66 69 70 71 72 74 75 76 77 78 79 80 82 83 84 85 86 87 88 89 91 93 94 95 96 99
64 0 1 2 3 5 6 9 10 11 12 14 15 16 18 20 21 22 23 24 25 26 27 28 30 31 32 33 34 35 36 37 38 39 40 41 43 44 45 48 50 51 52 54 55 56 57 58 59 62 63 64 66 69 70 71 72 74 75 76 77 78 79 80 82 83 84 85 86 87 88 89 91 93 94 95 96 99
65 1 2 3 5 6 9 10 11 12 14 15 16 18 20 21 22 23 24 25 26 27 28 30 31 32 33 34 35 36 37 38 39 40 41 43 44 45 48 50 51 52 54 55 56 57 58 59 62 63 64 66 69 70 71 72 74 75 76 77 78 79 80 82 83 84 85 86 87 88 89 91 93 94 95 96 99
66 1 2 3 5 6 7 9 10 11 12 14 15 16 18 20 21 22 23 24 25 26 27 28 30 31 32 33 34 35 36 37 38 39 40 41 43 44 45 48 50 51 52 54 55 56 57 58 59 62 63 64 66 69 70 71 72 74 75 76 77 78 79 80 82 83 84 85 86 87 88 89 91 93 94 95 96 99
67 1 2 3 5 6 7 9 10 11 12 14 15 16 18 20 21 22 23 24 25 26 27 28 30 31 32 33 34 35 36 37 38 39 40 41 43 44 45 48 50 51 52 54 55 56 57 58 59 62 63 64 66 69 70 71 72 74 75 76 77 78 79 80 82 83 84 85 86 87 88 89 91 93 94 95 96 99
68 1 2 3 5 6 7 9 10 11 12 14 15 16 18 20 21 22 23 24 25 26 27 28 30 31 32 33 34 35 36 37 38 39 40 41 43 44 45 48 50 52 53 54 55 56 57 58 59 62 63 64 66 69 70 71 72 74 75 76 78 79 80 82 83 84 85 86 87 88 89 91 93 94 95 96 99
69 1 2 3 5 6 7 9 10 11 12 14 15 16 18 20 21 22 23 24 25 26 27 28 30 31 32 33 34 35 36 37 38 39 40 41 43 44 45 48 50 51 52 53 54 55 56 57 59 62 63 64 66 69 70 72 74 75 76 78 79 80 82 83 84 85 86 87 88 89 91 93 94 95 96 99
70 1 2 3 5 6 7 9 10 11 12 14 15 16 18 20 21 22 23 24 25 26 27 28 30 31 32 33 34 35 36 37 38 40 41 43 44 45 48 50 51 52 53 54 55 56 57 59 62 63 64 66 69 70 72 74 75 76 78 79 80 82 83 84 85 86 87 88 89 91 93 94 95 96 99
71 1 2 3 5 6 7 9 10 11 12 14 15 16 18 20 21 22 23 24 25 26 27 28 30 31 32 33 34 35 37 38 40 41 43 44 45 48 50 51 52 53 54 55 56 57 59 62 63 64 66 68 69 70 72 74 75 76 78 79 80 82 83 84 85 86 87 88 89 91 93 94 95 96 99
72 1 2 3 5 6 7 9 10 11 12 14 15 16 18 20 21 22 23 24 25 26 27 28 30 31 32 33 35 37 38 40 41 43 44 45 48 51 52 53 54 55 56 57 59 61 62 63 64 66 68 69 70 72 74 75 76 78 79 80 82 83 84 85 86 87 88 89 91 93 94 95 96 99
73 1 2 3 5 6 7 9 10 11 12 13 14 15 16 18 20 21 22 23 24 25 26 27 28 30 31 32 33 35 38 40 41 44 45 48 51 52 53 54 55 56 57 59 61 62 63 64 68 69 70 72 74 75 78 79 80 82 83 85 86 87 88 89 91 93 94 95 96 99
74 1 2 3 5 6 7 9 10 12 13 14 15 16 18 20 21 22 23 24 25 26 27 28 30 31 32 33 35 38 40 41 44 45 48 50 51 52 53 54 55 56 57 59 61 62 63 64 68 69 70 72 73 74 75 78 79 80 82 83 85 86 87 88 89 91 93 94 95 96 98 99
75 1 2 3 5 6 7 9 10 12 13 14 15 16 18 20 21 22 23 24 25 26 27 28 30 31 32 33 35 38 40 41 44 45 48 50 51 52 53 54 56 57 59 61 62 63 64 66 68 69 70 72 73 74 75 78 79 80 82 83 85 86 87 88 89 91 93 94 95 96 98 99
76 1 2 3 5 6 7 9 10 12 13 14 15 16 18 20 21 22 23 24 25 26 27 28 30 31 32 33 35 38 40 41 44 45 48 50 51 52 53 54 56 59 61 62 63 64 66 68 69 70 72 73 74 75 78 79 80 82 85 86 87 88 89 91 93 94 95 96 98 99
77 1 2 3 5 6 7 9 10 12 13 14 15 16 18 20 21 22 23 24 25 26 27 28 30 31 33 35 38 39 40 41 44 45 46 48 50 51 52 53 54 55 56 59 61 62 63 64 66 68 69 70 72 73 74 75 78 80 82 85 86 87 88 89 91 93 94 95 96 98 99
78 1 2 3 5 6 7 9 10 12 13 14 15 16 18 20 21 22 23 24 25 26 27 28 30 31 33 35 38 39 40 41 44 45 46 48 50 51 52 53 54 55 56 59 61 62 63 64 66 68 69 70 72 73 74 75 78 80 82 84 85 86 87 88 89 91 93 95 96 98 99
79 1 2 3 5 6 7 9 10 12 13 14 15 16 18 20 21 22 23 24 25 26 27 28 29 30 31 33 35 36 38 39 40 41 44 45 46 48 50 51 52 53 54 55 56 59 61 62 63 64 66 68 69 70 72 73 74 75 78 80 82 84 85 86 87 88 89 91 93 95 96 98 99
80 1 2 3 5 6 7 9 10 12 13 14 15 16 18 20 21 22 23 24 25 26 27 28 29 30 31 33 35 36 38 39 40 41 44 45 46 48 50 51 52 53 54 55 56 59 61 62 63 64 66 68 69 70 72 73 74 75 78 80 82 84 86 87 88 89 91 93 95 96 98 99
81 1 2 3 5 6 7 9 10 12 13 14 15 16 18 20 21 22 23 24 25 26 27 28 29 30 31 33 35 36 38 39 40 41 44 45 46 48 50 51 52 53 54 55 56 59 61 62 63 64 66 68 69 70 72 73 74 75 78 80 82 84 86 87 89 91 93 95 96 98 99
82 1 2 3 5 6 7 9 10 11 12 13 14 15 16 18 20 21 22 23 24 25 26 27 28 29 30 31 33 35 36 38 39 40 41 44 45 46 48 49 50 51 52 53 54 55 56 59 61 62 63 64 65 66 68 69 70 72 73 74 75 78 80 82 84 86 87 89 91 93 96 98 99
83 1 2 3 5 6 7 9 10 11 12 13 14 15 16 18 20 21 22 23 24 25 26 27 28 29 30 31 33 35 36 38 39 40 41 44 45 46 48 49 50 51 52 53 54 55 56 57 59 61 62 63 64 65 66 68 69 70 72 73 74 75 78 80 82 83 84 86 87 89 91 93 96 98 99
84 1 2 3 5 6 7 9 10 11 12 13 14 15 18 20 21 22 23 24 25 26 27 28 29 30 31 33 35 36 38 39 40 41 44 45 46 48 49 50 51 52 53 54 55 56 57 59 61 62 63 64 65 66 68 69 70 72 73 74 75 78 80 82 83 84 86 87 89 91 93 96 98 99
85 1 2 3 5 6 7 9 10 11 12 13 14 15 18 20 21 22 23 24 25 26 27 28 29 30 31 33 35 36 38 39 40 41 44 45 46 48 49 50 51 52 53 54 55 56 57 59 61 62 63 64 65 66 68 69 70 72 73 74 75 78 80 82 83 84 86 87 89 90 91 93 96 98 99
86 1 2 3 5 6 7 9 10 11 12 13 14 15 18 20 21 22 23 24 25 26 27 28 29 30 31 33 35 36 38 39 40 41 44 45 46 48 49 50 51 52 53 54 55 56 57 58 59 61 62 63 64 65 66 67 68 69 70 72 73 74 75 78 80 82 83 84 86 87 89 90 91 93 96 98 99
87 1 2 3 5 6 7 9 10 11 12 13 14 15 18 20 21 22 24 25 26 27 28 29 30 31 33 35 36 38 39 40 41 44 45 46 48 49 50 51 52 53 54 55 56 57 58 59 61 62 63 64 65 66 67 68 69 70 72 73 74 75 78 80 81 82 83 84 86 87 89 90 91 93 96 98 99
88 1 2 3 5 6 7 9 10 11 12 13 14 15 18 20 21 22 24 25 26 27 28 29 30 31 33 35 36 38 39 40 41 44 45 46 48 49 50 51 52 53 54 55 56 57 58 59 61 62 63 64 65 66 67 68 69 70 72 73 74 75 78 80 81 82 83 84 86 87 89 90 91 93 96 98 99
89 1 2 3 5 6 9 10 11 12 13 14 15 20 21 22 24 25 26 27 28 29 30 31 33 35 36 38 39 40 41 44 45 46 48 49 50 51 52 53 54 55 56 57 58 59 61 62 63 64 65 66 67 68 69 70 72 73 74 75 78 80 81 82 83 84 86 87 89 90 91 93 96 98 99
90 1 2 3 5 6 9 10 11 12 13 14 15 20 21 24 25 26 27 28 29 30 33 35 36 38 39 40 41 44 45 46 48 49 50 51 52 53 54 55 56 57 58 59 61 62 63 64 65 66 67 68 69 70 71 72 73 74 75 78 80 81 82 83 84 86 87 89 90 91 93 94 96 98 99
91 1 2 3 5 6 9 10 11 12 13 14 15 18 20 21 24 25 26 27 28 29 30 33 35 36 38 39 40 41 44 45 46 48 49 50 51 52 53 54 55 56 57 58 59 61 62 63 64 65 66 67 68 69 70 71 72 73 74 75 78 80 81 82 83 84 85 86 87 89 90 91 93 94 96 98 99
92 1 2 3 5 6 9 10 11 12 13 14 15 18 20 21 24 25 26 27 28 29 30 33 35 36 38 39 40 41 44 45 46 48 49 50 52 53 54 55 56 57 58 59 61 62 63 65 66 67 68 69 70 71 72 73 74 75 78 80 81 82 83 84 85 86 87 89 90 91 93 94 96 98 99
93 1 2 3 5 6 9 10 11 12 13 14 15 18 20 21 24 25 26 27 28 29 30 31 33 35 36 38 39 40 41 44 45 46 48 49 50 52 53 54 55 56 57 58 59 61 62 63 65 66 67 68 69 70 71 72 73 74 75 78 80 81 83 84 85 86 87 88 89 90 91 94 96 98 99
94 1 2 3 5 6 9 10 11 12 13 14 15 18 20 21 24 25 26 28 29 30 31 33 35 36 38 39 40 44 45 46 48 49 50 52 53 54 55 56 57 58 59 61 62 63 65 66 67 69 70 71 72 73 74 75 78 80 81 83 84 85 86 87 88 89 90 91 94 96 98 99
95 1 2 3 5 6 9 10 11 12 13 14 15 18 20 24 25 26 28 29 30 31 33 35 36 38 39 40 44 45 46 48 49 50 52 53 54 55 56 57 58 59 62 63 65 66 67 69 70 71 72 73 74 75 78 80 81 83 84 85 86 87 88 89 90 91 94 95 96 98 99
96 1 2 3 5 6 9 10 11 12 14 15 18 20 24 25 26 28 29 30 31 33 35 36 37 38 39 40 44 45 46 48 49 50 52 53 54 55 56 57 58 59 62 63 65 66 67 69 70 71 72 73 74 75 78 80 81 83 84 85 87 88 89 90 91 94 95 96 98 99
97 2 3 5 6 9 10 11 12 14 15 16 18 20 24 25 26 28 29 31 33 35 36 37 38 39 40 44 45 46 48 49 50 52 53 54 55 56 57 58 59 62 63 65 66 67 69 70 71 72 73 74 75 78 80 81 83 84 85 87 88 89 90 91 93 94 95 96 98 99
98 2 5 6 9 10 11 12 14 15 16 18 20 24 25 26 27 28 29 31 33 35 36 37 38 39 40 43 44 45 46 48 49 50 52 54 55 56 57 58 59 62 63 65 66 67 69 70 71 72 73 74 75 78 80 81 83 84 85 87 88 89 90 91 93 94 95 96 98 99
99 2 5 6 9 10 11 12 14 15 16 18 20 24 25 26 27 28 29 31 33 35 36 37 38 39 40 43 44 45 46 48 49 50 52 54 55 56 57 58 59 63 65 66 67 69 70 71 72 73 74 75 80 81 83 84 85 87 88 89 90 91 93 94 95 96 98 99
100 2 5 6 9 10 11 12 14 15 16 18 20 24 25 26 27 28 29 31 33 35 36 37 38 40 43 44 46 48 49 50 52 54 55 56 57 58 59 63 65 66 67 69 70 71 72 73 74 75 80 81 83 84 85 87 88 89 90 91 93 94 95 96 98 99
101 2 5 6 9 10 11 12 14 15 16 18 20 22 24 25 27 28 29 31 33 35 36 37 38 40 43 44 45 46 48 49 50 52 54 55 56 57 58 59 63 65 66 67 69 70 71 72 73 74 75 80 81 83 85 87 88 89 90 91 93 94 95 96 98 99
102 2 5 6 9 10 11 12 14 15 16 18 20 22 24 25 27 28 29 31 33 35 36 37 38 40 43 44 45 46 48 49 50 52 54 55 56 57 58 59 63 65 66 67 69 70 71 72 73 74 75 80 81 83 85 87 88 90 91 93 94 95 96 98 99
103 2 5 6 9 10 11 12 14 15 16 18 20 22 24 25 27 29 31 33 35 36 37 38 40 43 44 45 46 48 49 50 52 54 55 56 57 58 59 62 63 65 66 67 69 70 71 72 74 75 80 81 83 85 87 88 90 91 93 94 95 96 98 99
104 2 5 6 9 10 11 12 14 15 16 18 20 22 24 25 27 29 31 33 35 36 37 38 40 43 44 45 46 48 49 50 52 54 55 56 57 58 59 60 62 63 65 66 67 69 70 71 72 74 75 80 81 83 85 87 88 90 91 93 94 95 96 98 99
105 2 5 6 9 10 11 12 14 15 16 18 20 22 24 25 27 29 31 33 35 36 37 38 40 43 44 45 46 48 49 50 52 54 55 56 57 58 59 60 62 63 65 67 69 70 71 72 74 75 80 81 83 85 87 88 90 93 94 95 96 98 99
106 0 2 5 6 9 10 11 12 14 15 16 18 20 22 24 25 27 29 31 33 35 36 37 38 40 43 44 45 46 48 49 50 52 54 56 57 58 59 60 62 63 65 66 67 69 70 71 72 74 75 80 81 83 85 87 88 90 93 94 95 96 98 99
107 0 2 5 6 9 10 11 12 14 15 16 18 20 22 24 25 27 29 31 33 35 36 37 38 40 43 44 45 46 48 49 50 52 54 55 56 57 58 59 60 62 63 65 66 67 69 70 71 72 74 75 80 81 83 85 87 88 90 91 93 94 95 96 98 99
108 0 2 5 6 9 10 11 12 14 15 16 18 20 22 24 25 27 29 31 33 35 36 37 38 40 43 44 45 46 48 49 50 52 54 55 56 57 58 59 60 62 63 65 66 67 69 70 71 72 74 75 80 81 83 85 87 88 90 91 93 94 95 96 98 99
109 0 2 3 5 6 9 10 11 12 14 15 16 18 20 22 24 25 27 29 31 33 35 36 37 38 40 43 44 45 48 49 50 52 54 55 56 57 58 59 60 62 63 65 66 67 69 70 71 72 74 75 80 81 83 85 87 88 90 91 93 94 95 96 99
110 0 2 3 5 6 9 10 11 12 14 15 16 18 20 22 24 25 27 29 31 33 35 36 37 38 40 43 44 45 48 49 50 52 55 56 57 58 59 60 62 63 65 66 69 70 71 72 74 75 80 81 83 85 87 88 90 91 93 94 95 96 99
111 0 3 5 6 9 10 11 12 14 15 16 18 20 22 24 25 27 29 31 33 35 36 37 38 40 43 44 45 48 49 50 52 55 56 57 58 59 60 62 63 65 66 69 70 71 72 74 75 80 81 83 85 87 88 90 91 93 94 95 96 99
112 0 3 5 6 9 10 11 12 14 15 16 17 18 20 22 24 25 27 29 31 33 35 36 37 38 40 43 44 45 48 49 50 52 55 56 57 58 59 60 62 63 65 66 69 70 71 72 74 75 80 83 85 87 88 90 91 93 94 95 96 99
113 0 3 5 6 9 10 11 12 13 14 15 16 17 18 20 22 24 25 27 29 31 35 36 37 38 40 43 44 45 48 49 50 52 55 56 57 58 59 60 62 63 65 66 69 70 72 74 75 80 83 85 87 88 90 91 93 94 95 96 99
114 0 3 5 6 9 10 11 12 13 14 15 16 17 18 20 22 24 25 27 29 31 35 37 38 40 43 44 45 48 49 50 52 53 55 56 57 58 59 60 62 63 65 66 69 70 72 74 75 80 83 85 87 88 90 91 93 94 95 96 99
115 0 3 5 6 9 10 11 12 13 14 15 16 17 18 20 22 24 25 27 29 31 35 37 38 40 43 44 45 48 49 50 52 53 55 56 57 58 59 60 62 63 65 66 69 70 72 74 75 80 83 85 87 88 90 91 93 94 95 96 99
116 0 3 5 6 9 10 11 12 13 14 15 16 17 18 20 22 24 25 27 31 35 37 38 40 43 44 45 48 49 50 53 55 56 57 58 59 60 62 63 65 66 69 70 72 74 75 78 80 83 85 87 88 90 91 93 94 95 96 99
117 0 3 5 6 9 10 11 12 13 14 15 16 17 18 20 22 24 25 27 30 31 33 35 37 38 40 43 44 45 46 48 49 50 53 55 56 57 58 59 60 62 63 65 66 69 70 72 74 75 78 80 82 83 85 87 91 93 94 95 96 99
118 0 3 6 9 10 11 12 13 14 15 16 17 18 20 22 24 25 27 30 31 33 35 37 38 40 43 44 45 46 48 49 50 53 55 56 57 59 60 62 63 65 66 70 72 74 75 78 80 82 83 85 87 91 93 94 96 99
119 0 3 6 9 10 11 12 13 14 15 16 17 18 20 21 22 24 25 27 29 30 31 33 35 37 38 40 43 44 45 46 48 49 50 53 55 56 57 59 60 62 63 65 66 70 72 74 75 78 80 82 83 85 87 91 93 94 96 99
120 0 2 3 6 9 10 11 12 13 14 15 16 17 18 20 21 22 24 25 27 29 30 31 33 35 37 38 40 43 44 45 46 48 49 50 53 55 56 57 59 60 62 63 65 66 69 70 72 73 74 75 78 80 82 83 85 87 91 93 94 96 99
121 0 2 3 6 9 10 11 12 13 14 15 16 17 18 20 21 22 24 25 27 29 30 31 33 35 37 38 40 44 45 46 48 49 50 53 55 56 57 59 60 62 63 65 66 69 70 72 73 74 75 78 80 82 83 85 87 91 93 96 99
122 0 2 3 6 9 10 11 12 13 14 15 16 17 18 20 21 22 24 25 27 29 30 31 33 35 37 38 40 44 45 46 48 49 50 53 55 56 57 59 60 62 63 65 66 69 70 72 73 75 78 79 80 82 83 85 87 89 91 93 94 96 99
123 0 2 3 6 9 10 11 12 13 14 15 16 17 18 20 21 22 24 25 27 29 30 31 33 35 37 38 40 44 45 46 48 49 50 53 55 56 57 59 60 62 63 65 66 69 70 72 73 74 75 78 79 80 82 83 85 87 89 91 93 94 96 99
124 0 2 3 6 9 10 11 12 13 14 15 16 17 18 21 22 24 25 27 29 30 31 33 35 37 38 40 44 45 46 48 50 53 55 56 57 59 60 62 63 65 66 69 70 72 73 74 75 78 79 80 82 83 85 87 89 91 93 94 96 99
125 0 2 3 6 9 10 11 12 13 14 15 16 17 18 20 21 22 24 25 27 29 30 31 33 35 37 38 40 44 45 46 48 50 53 55 56 57 58 59 60 62 63 65 66 69 70 72 73 74 75 78 79 80 82 83 85 87 89 91 93 94 96 99
126 0 2 3 6 9 10 11 12 13 14 15 16 17 18 20 21 22 24 25 27 29 30 31 33 35 37 38 40 44 45 46 48 50 53 55 56 57 58 59 60 62 63 65 66 69 70 72 73 74 75 78 79 80 82 83 85 87 89 91 93 94 96 99
127 0 2 3 6 9 10 11 12 13 14 15 16 17 18 20 21 22 24 25 27 29 30 31 33 35 37 38 40 44 45 46 48 50 53 55 56 57 58 59 60 62 63 65 66 69 70 72 73 74 75 78 79 80 82 83 85 87 89 91 92 93 94 96 99
128 0 2 3 6 9 10 12 13 14 15 16 17 18 20 21 22 24 25 27 29 30 31 33 35 37 38 40 41 44 45 46 48 50 53 55 56 57 58 59 60 62 63 65 66 69 70 72 73 74 75 78 79 80 82 83 85 89 91 92 93 94 96 99
129 0 2 3 6 9 10 12 13 14 15 16 17 18 20 21 22 24 25 27 29 30 31 33 34 35 38 40 41 44 45 46 48 50 53 55 56 57 58 59 60 62 63 65 66 69 70 72 73 74 75 78 79 80 82 83 85 89 90 91 92 93 94 96 99
130 0 2 3 6 9 10 12 13 14 15 16 17 18 20 21 22 24 25 27 29 30 31 33 34 35 38 40 41 45 46 48 50 52 53 55 56 57 58 59 60 62 63 65 66 69 70 72 73 74 75 78 79 80 81 82 83 85 86 89 90 91 92 93 94 96 99
131 0 2 3 6 9 10 12 13 14 15 16 17 18 20 21 22 24 25 27 29 30 31 33 34 35 36 38 40 41 44 45 46 48 50 52 53 55 56 57 58 59 60 62 63 65 66 69 70 72 73 74 75 78 79 80 81 82 83 84 85 86 89 90 91 92 93 94 96 99
132 0 2 3 6 9 10 12 13 14 15 16 17 18 20 21 22 24 25 27 29 30 31 33 34 35 36 38 40 41 44 45 46 48 50 52 53 55 56 57 58 59 60 62 63 65 66 69 70 72 73 74 75 78 79 80 81 82 83 84 86 89 90 91 92 93 94 96 99
133 0 2 4 6 9 10 12 13 14 15 16 17 18 20 21 22 24 25 27 29 30 31 33 34 35 36 38 40 41 44 45 46 48 50 52 53 55 56 57 58 59 60 62 63 65 66 69 70 72 73 74 75 78 79 80 81 82 83 84 86 89 90 91 92 93 94 96 99
134 0 2 4 6 9 10 12 13 14 15 16 17 18 20 21 24 25 27 29 30 31 33 34 35 36 38 40 41 44 45 46 48 50 52 53 55 56 57 58 59 60 62 63 65 66 69 70 72 73 74 75 78 79 80 81 82 83 84 86 89 90 92 93 94 96 99
135 0 2 4 6 9 10 12 13 14 15 16 20 21 24 25 27 29 30 31 32 33 34 35 36 38 40 41 44 45 46 48 50 52 53 55 56 57 58 59 60 62 63 65 66 69 70 72 73 74 75 78 79 80 81 82 83 84 86 89 90 92 93 94 96 99
136 0 2 4 6 9 10 12 13 14 15 16 20 21 24 25 27 29 30 31 32 33 34 35 36 38 40 41 44 45 46 48 50 52 53 55 56 57 58 59 60 62 63 65 66 69 70 72 73 74 75 78 79 80 81 82 83 84 86 87 88 89 90 92 93 94 96 99
137 0 2 4 6 9 10 12 13 14 15 16 20 21 24 25 27 29 30 31 32 33 34 35 36 38 40 41 44 45 46 48 50 52 53 55 56 57 58 59 60 62 63 65 66 69 70 71 72 73 74 75 78 79 80 81 82 83 84 86 87 88 89 90 92 93 94 96 99
138 0 2 4 6 9 10 12 13 14 15 16 18 20 21 24 25 27 29 30 31 32 33 34 35 36 38 40 41 44 45 46 48 50 52 53 55 56 57 58 59 60 62 63 65 66 69 70 71 72 73 74 75 78 79 80 81 82 83 84 86 87 88 89 90 92 93 94 95 96 99
139 0 2 4 6 9 10 12 13 14 15 16 18 20 21 24 25 27 29 30 31 32 33 34 35 36 38 40 41 44 45 46 48 50 52 53 55 56 57 58 59 60 62 63 65 66 69 70 71 72 73 74 75 78 79 80 81 82 83 84 85 86 87 88 89 90 92 93 94 95 96 99
140 0 2 4 6 9 10 12 13 14 15 16 18 20 21 24 25 27 29 30 31 32 33 34 35 36 38 40 41 44 45 46 48 50 52 53 55 56 57 58 59 60 62 63 65 66 69 70 71 72 73 74 75 78 79 80 81 82 83 84 85 86 87 88 89 90 92 93 94 95 96 99
141 0 2 4 6 9 10 12 13 14 15 16 18 20 21 22 24 25 27 29 30 31 32 33 34 35 36 38 40 41 44 45 46 48 50 52 53 55 56 57 58 59 60 62 63 65 66 69 70 71 72 73 74 75 78 79 80 81 82 83 84 85 86 87 88 89 90 92 93 94 95 96 99
142 0 2 4 6 9 10 12 13 14 15 16 18 20 21 22 24 25 27 29 30 31 32 33 34 35 36 38 40 41 44 45 46 47 48 50 52 53 55 56 57 58 59 60 62 63 65 66 69 70 71 72 73 74 75 78 79 80 81 82 83 84 85 86 87 88 89 90 92 93 94 95 96 99
143 0 2 4 6 9 10 12 13 14 15 16 18 20 21 22 23 24 25 27 29 30 31 32 33 34 35 36 38 40 41 44 45 46 47 48 50 52 53 55 56 57 58 59 60 62 63 65 66 69 70 71 72 73 74 75 78 79 80 81 82 83 84 85 86 87 88 89 90 91 92 93 94 95 96 99
144 0 2 4 6 9 10 12 14 15 16 18 20 21 22 23 24 25 27 29 30 31 32 33 34 35 36 38 40 41 44 45 46 47 48 50 52 53 54 55 56 57 58 59 60 62 63 65 66 69 70 71 72 73 74 75 76 78 79 80 81 83 84 85 86 87 88 89 90 91 92 93 94 95 96 99
145 0 2 4 5 6 9 10 12 14 15 16 18 20 22 23 24 25 27 29 30 31 32 33 34 35 36 38 40 41 44 45 46 47 48 50 52 53 54 55 56 57 58 59 60 62 63 65 66 69 70 71 72 73 74 75 76 78 79 80 81 83 84 85 86 87 88 90 91 92 93 94 95 96 99
146 0 2 4 5 6 9 10 11 12 14 15 16 18 20 22 23 24 25 27 28 29 30 31 32 33 34 35 36 38 40 41 42 44 45 46 47 48 50 52 54 55 56 57 58 59 60 62 63 65 66 69 70 71 72 73 75 76 78 79 80 81 83 84 85 86 87 88 90 91 92 93 94 95 96 99
147 0 4 5 6 9 10 11 12 14 15 16 18 20 22 23 24 25 27 28 29 30 31 32 33 34 35 36 38 40 41 42 44 45 46 47 48 50 52 54 55 56 57 58 59 60 62 63 65 66 69 70 71 72 73 75 76 78 79 80 81 83 84 85 86 87 88 90 91 92 93 94 95 96 99
148 0 4 5 6 9 10 11 12 14 15 16 18 22 23 24 25 27 28 29 31 32 33 34 35 36 38 40 41 42 44 45 46 47 48 50 52 54 55 56 57 58 59 60 62 63 65 66 69 70 71 72 73 75 76 78 79 80 81 83 84 85 86 87 88 90 91 92 93 94 95 96 99
149 0 4 5 6 9 10 11 12 14 15 16 18 22 23 24 25 27 28 29 31 32 33 34 35 36 38 39 40 41 42 44 45 46 47 48 50 52 54 55 56 57 58 59 60 63 65 66 69 70 71 72 73 75 76 78 79 80 81 83 84 85 86 87 88 90 91 92 93 94 95 96 99
150 0 4 5 6 9 10 11 12 14 15 16 18 22 23 24 25 27 28 29 31 32 33 34 35 36 38 39 40 41 42 44 46 47 48 50 52 54 55 56 57 58 59 60 63 65 66 69 70 71 72 73 75 76 78 79 80 81 83 84 85 86 87 88 90 91 93 94 95 96 99
151 0 4 5 6 9 10 11 12 14 15 16 18 22 23 24 25 27 28 29 31 32 33 34 35 36 38 39 40 42 44 46 47 48 50 52 54 55 56 57 58 59 60 63 65 66 69 70 71 72 73 75 76 78 80 81 83 84 85 86 87 88 89 90 91 93 94 95 96 99
152 0 1 4 5 6 9 10 11 12 14 15 16 18 22 23 24 25 27 28 29 31 32 33 35 36 38 39 40 42 44 46 47 48 50 52 54 55 56 57 58 59 60 63 65 66 69 70 71 72 73 75 76 78 80 81 83 84 85 86 87 88 89 91 93 94 95 96 99
153 0 1 4 5 6 9 10 11 12 14 15 16 18 22 23 24 25 27 28 29 31 32 33 35 36 38 39 40 42 44 46 47 48 50 52 54 55 56 57 59 60 63 65 66 69 70 71 72 73 74 75 76 78 80 81 83 84 85 87 88 89 91 94 95 96 97 99
154 0 1 3 4 5 6 9 10 11 12 14 15 16 17 18 19 22 23 24 25 27 28 29 31 32 33 35 36 38 39 40 42 44 46 47 48 50 51 52 54 55 56 57 59 60 63 65 66 69 70 71 72 73 74 75 76 78 80 81 82 83 85 87 88 89 91 93 94 95 96 97 99
155 0 1 3 4 5 6 9 10 11 14 15 16 17 18 19 20 22 23 24 25 27 28 29 31 32 33 35 36 38 39 40 42 44 46 47 48 50 51 52 53 54 55 56 57 59 60 63 65 66 69 70 71 72 73 74 75 76 78 80 81 82 83 85 87 88 89 91 93 94 95 96 97 99
156 0 1 3 4 5 6 9 10 11 14 15 16 17 18 19 20 21 22 23 24 25 27 28 29 31 32 33 35 36 38 39 40 41 42 44 46 47 48 50 51 52 53 54 55 56 57 59 60 63 65 66 69 70 71 72 73 74 75 76 78 80 81 82 83 85 87 88 89 91 93 94 95 96 97 99
157 0 1 2 3 5 6 9 10 11 13 14 16 17 18 19 20 21 22 23 24 25 27 28 29 31 32 33 35 36 38 39 40 41 42 44 46 47 48 50 51 52 53 54 55 56 57 59 60 63 65 66 69 70 71 72 73 74 75 76 78 80 81 82 83 85 86 87 88 89 91 93 94 95 96 97 99
158 0 1 2 3 5 6 9 10 11 13 14 16 17 18 19 20 21 22 23 24 25 27 28 29 31 32 33 35 36 38 39 41 42 44 47 48 50 51 52 53 54 55 56 57 59 60 63 65 66 69 70 71 72 73 74 75 76 78 80 81 82 83 85 86 87 88 89 91 93 94 95 96 97 99
159 0 1 2 3 5 6 9 10 11 13 14 16 17 18 19 20 21 22 23 24 25 27 28 29 31 32 33 35 36 38 39 41 42 44 47 48 50 51 52 53 54 55 56 57 59 60 63 65 66 69 70 71 72 73 74 75 76 78 80 81 82 83 85 86 87 89 91 93 94 95 96 97 99
160 0 1 2 3 5 6 9 10 11 13 14 15 16 17 18 19 20 21 22 23 24 25 27 28 31 32 33 35 36 38 39 41 42 44 47 48 50 51 52 53 54 55 56 57 59 60 63 65 66 67 69 70 71 72 73 74 75 76 78 80 81 82 83 85 86 87 89 91 93 94 95 96 97 99
161 0 1 2 3 5 6 9 10 11 13 14 15 16 17 18 19 20 21 22 23 24 25 27 28 31 32 33 35 36 38 39 41 42 44 47 48 51 52 53 54 55 56 57 59 60 63 66 67 69 70 71 72 73 74 75 76 78 80 81 82 83 85 86 87 89 91 93 94 96 97 99
162 0 1 2 3 5 6 9 10 11 12 13 14 15 17 18 19 20 21 22 23 24 25 27 28 31 32 33 35 36 38 39 40 41 42 44 47 48 51 52 53 54 55 56 57 59 60 63 64 66 67 70 71 72 73 74 75 76 78 80 81 82 83 85 86 87 89 91 93 94 96 97 99
163 0 1 2 3 5 6 9 10 11 12 13 14 15 17 18 19 20 21 22 23 24 25 27 28 31 32 33 35 36 38 39 40 41 42 44 47 48 51 52 53 54 55 56 57 59 60 63 64 66 67 70 71 72 73 74 75 76 78 80 81 82 83 85 86 87 89 91 93 94 96 97 99
164 0 1 2 3 5 6 9 10 11 12 13 14 15 17 18 19 20 21 22 23 24 25 27 28 31 32 33 35 36 38 39 40 41 42 44 47 48 51 52 53 54 55 56 57 59 60 63 64 66 67 70 71 72 73 74 75 76 78 80 81 82 83 85 86 87 89 91 93 94 96 97 99
165 0 1 2 3 5 6 9 10 11 12 13 14 15 17 18 19 20 21 22 23 24 25 26 27 28 31 32 33 35 36 38 39 40 41 42 44 47 51 52 53 54 55 56 57 59 60 63 64 66 67 70 71 72 73 74 75 76 78 80 81 82 83 85 86 87 89 91 93 94 96 97 99
166 0 1 2 3 5 6 8 9 10 11 12 13 14 15 17 18 19 20 21 22 24 25 26 27 28 31 32 33 35 36 39 40 41 42 44 47 51 52 53 54 55 56 57 59 60 63 64 66 67 70 71 72 73 74 75 76 78 80 81 82 83 85 86 87 89 91 93 94 96 97 99
167 0 1 2 3 5 6 8 9 10 11 12 13 14 15 17 18 19 20 21 22 24 25 26 27 28 31 32 33 36 39 40 41 42 44 47 51 52 53 55 56 57 59 60 63 64 66 67 70 71 72 73 74 75 76 78 80 81 82 83 85 86 87 89 91 93 94 96 97 99
168 0 1 2 3 5 6 8 9 10 11 12 13 15 17 18 19 20 21 22 24 25 26 27 28 31 32 33 36 39 40 41 42 44 47 51 52 53 55 56 57 59 60 63 64 66 67 70 71 72 73 74 75 76 78 80 81 82 83 85 86 87 89 91 93 94 96 97 99
169 0 1 2 3 6 8 9 10 11 12 13 15 17 18 19 20 21 22 24 25 26 27 28 31 32 33 36 39 40 41 42 44 47 51 52 53 55 56 57 59 60 63 64 66 67 71 72 73 74 75 76 78 80 81 82 83 85 86 89 91 93 94 96 97 99
170 0 1 2 3 6 8 9 10 11 12 13 15 16 17 18 19 20 21 22 24 25 26 27 28 31 32 33 36 39 40 41 42 44 47 51 52 53 55 56 57 59 60 63 64 66 67 71 72 73 74 75 76 78 80 81 82 83 85 86 89 91 93 94 96 97 99
171 0 1 2 3 6 8 9 10 11 12 13 15 16 17 18 19 20 21 22 24 25 26 27 28 31 32 33 36 39 40 41 42 44 47 51 52 53 55 56 57 59 60 63 64 66 67 71 72 73 74 75 76 78 80 81 82 83 85 86 89 91 93 94 96 97 99
172 0 1 2 3 6 8 9 10 11 12 13 15 16 17 18 19 20 21 22 24 25 26 27 28 31 32 33 36 40 41 42 44 47 51 52 53 55 56 57 59 60 63 64 66 67 71 72 73 74 75 76 78 80 81 82 83 85 86 89 91 93 94 96 97 99
173 0 1 2 3 6 8 9 10 11 12 13 15 16 17 18 19 20 21 22 24 25 26 27 28 31 32 33 36 40 41 42 44 47 51 52 53 55 56 57 59 60 63 64 66 67 71 72 73 74 75 78 80 81 82 83 84 85 86 87 89 91 93 94 96 97 99
174 0 1 2 3 6 8 9 10 12 13 15 16 17 18 19 20 21 22 24 25 26 27 28 31 32 33 36 40 41 42 44 47 51 52 53 56 57 59 60 63 64 66 67 71 72 73 74 75 78 80 81 82 83 84 85 86 87 89 91 93 94 96 97 99
175 0 1 2 3 6 8 9 10 12 13 15 16 17 18 19 20 21 22 24 25 26 27 28 31 32 33 35 36 40 41 42 44 48 51 52 53 55 56 57 59 63 64 66 67 71 72 73 74 75 78 79 80 81 82 83 84 85 86 87 89 91 93 94 96 97 99
176 0 1 2 3 6 8 9 10 12 13 15 16 17 18 19 20 21 22 24 25 26 27 28 31 32 33 35 36 40 41 42 44 45 48 51 52 53 55 56 57 59 60 63 64 66 67 70 71 72 73 74 75 78 79 80 81 82 84 85 86 87 89 91 93 94 96 97 99
177 0 1 2 3 5 6 8 9 10 12 13 15 16 18 20 21 22 24 25 26 27 28 31 32 33 35 36 38 40 41 42 44 45 48 52 53 55 56 57 58 59 60 63 64 66 67 70 71 72 73 74 75 78 79 80 81 82 84 85 86 87 89 91 93 94 96 97 99
178 0 1 2 3 5 6 8 9 10 12 13 14 15 16 18 20 21 22 24 25 26 27 28 31 32 33 35 36 38 40 41 44 45 48 52 53 55 56 57 58 59 60 63 64 66 67 70 71 72 73 74 75 78 79 80 81 82 84 85 86 87 89 91 93 94 96 97 99
179 0 1 2 3 5 6 8 9 10 12 13 14 15 16 18 20 21 22 24 25 26 27 28 31 32 33 35 36 38 40 44 45 48 52 53 55 56 57 58 59 60 63 64 66 67 70 71 72 73 74 75 78 79 80 81 82 84 85 86 87 89 91 93 94 96 97 99
180 0 1 2 3 5 6 8 9 10 12 14 15 16 18 20 21 22 24 25 26 27 28 31 32 33 35 36 38 40 44 45 48 52 53 55 56 57 58 59 60 63 64 66 67 70 71 72 74 75 78 79 80 81 82 84 85 86 87 89 91 93 94 96 97 99
181 0 1 2 3 5 6 8 9 10 12 14 15 16 18 20 21 22 23 24 25 26 27 28 31 33 35 36 38 40 44 45 48 50 52 53 55 56 57 58 59 60 63 64 66 67 70 71 72 74 75 78 79 80 81 82 84 85 87 89 91 93 94 96 97 99
182 0 1 2 3 5 6 8 9 10 12 14 15 16 18 20 21 22 23 24 25 26 27 28 31 33 35 36 38 40 44 45 48 50 52 55 56 57 58 59 60 63 64 66 67 70 71 72 74 75 78 79 80 81 82 84 85 87 89 91 93 96 97 99
183 0 1 2 3 5 6 8 9 10 12 14 15 16 18 20 21 22 23 24 25 26 27 31 33 35 36 38 40 44 45 48 50 52 55 56 57 58 59 60 63 64 66 70 71 72 74 75 78 79 80 81 82 84 85 87 89 91 93 96 97 99
184 0 1 2 3 5 6 8 9 10 12 14 15 16 18 20 21 22 23 24 25 26 27 28 31 33 35 36 38 40 44 45 48 50 52 55 56 57 58 59 60 63 64 66 70 71 72 74 75 79 80 81 82 84 87 89 90 91 93 96 97 99
185 0 2 3 5 6 8 9 10 12 14 15 16 18 20 21 22 23 24 25 26 27 28 31 33 35 36 38 40 44 45 48 50 52 53 55 56 57 58 59 60 63 66 70 72 74 75 79 80 82 84 87 89 90 91 93 96 97 99
186 0 2 3 5 6 8 9 10 12 14 15 16 18 20 21 22 23 24 25 26 27 28 31 35 36 38 40 44 45 48 50 52 53 55 56 57 58 59 60 63 66 70 72 74 75 79 80 82 84 85 87 89 90 91 93 94 96 97 99
187 0 2 3 5 6 8 9 10 12 14 15 16 20 21 22 23 24 25 26 27 28 31 35 36 38 40 44 45 48 50 52 53 55 56 57 58 59 60 63 66 70 72 74 75 78 79 80 82 84 85 87 89 90 91 93 94 96 97 99
188 0 2 3 5 6 8 9 10 12 14 15 16 20 21 22 23 24 25 26 27 28 31 33 35 36 38 40 44 45 48 50 52 53 55 56 57 58 59 60 63 66 70 72 74 75 78 79 80 82 84 85 87 89 90 91 93 94 96 97 99
189 0 2 3 4 5 6 9 10 12 14 15 16 20 21 22 23 24 25 26 27 28 31 32 33 35 38 39 40 44 45 46 48 50 52 53 55 56 57 58 59 60 63 66 70 72 74 75 78 79 80 82 84 85 87 89 90 91 93 94 96 97 99
190 0 2 3 4 5 6 9 10 12 14 15 16 20 21 22 23 24 25 26 27 28 29 31 32 33 35 38 39 40 44 45 46 48 50 53 55 56 57 58 59 60 63 66 70 72 74 75 78 79 80 82 84 85 87 89 90 91 93 94 96 97 99
191 0 2 3 4 5 6 9 10 12 14 15 16 20 21 22 23 24 25 26 27 28 29 31 32 33 35 36 38 39 40 44 45 46 48 50 53 55 56 57 58 59 60 63 66 70 72 74 75 78 79 80 82 84 85 87 89 90 91 93 94 96 99
192 0 2 3 4 5 6 9 10 12 14 15 16 20 21 22 23 24 25 27 28 29 31 32 33 35 36 38 39 40 44 45 46 48 50 53 55 56 57 58 59 60 63 66 70 72 74 75 78 79 80 82 84 85 87 89 90 91 93 94 96 99
193 0 2 3 4 5 6 9 10 12 14 15 16 20 21 22 23 24 25 27 28 29 31 32 33 35 36 38 39 40 44 45 46 48 50 53 55 56 57 58 59 60 63 66 70 72 74 75 78 79 80 84 85 87 89 90 91 93 94 96 99
194 0 2 3 4 5 6 9 10 12 14 15 16 20 21 22 23 24 25 27 28 29 31 32 33 35 36 38 39 40 44 45 46 48 50 53 55 56 57 58 59 60 63 66 70 72 74 75 78 79 80 84 85 87 90 91 93 94 96 99
195 0 2 3 4 5 6 9 10 12 14 15 16 20 22 23 24 25 27 28 29 31 32 33 35 36 38 39 40 44 45 46 48 50 53 55 56 57 58 59 60 63 66 70 72 75 78 79 80 84 85 87 90 91 93 94 96 99
196 0 3 4 5 6 9 10 12 14 15 16 20 22 23 25 27 28 29 31 32 33 35 36 38 39 40 44 45 46 48 50 53 55 56 57 58 59 60 63 66 70 72 75 78 79 80 84 85 90 91 93 94 96 99
197 0 3 4 5 6 9 10 12 14 15 16 22 23 25 27 28 29 31 32 33 35 36 38 39 40 45 46 48 50 53 55 56 57 58 59 60 63 70 72 75 78 79 80 84 85 90 91 93 94 96 99
198 0 3 4 5 6 9 10 12 14 15 16 23 25 27 28 29 31 32 33 36 38 39 40 45 46 48 50 53 55 56 57 58 59 60 63 70 72 75 78 80 84 85 90 91 93 94 96 99
199 0 3 4 5 6 9 10 12 14 15 16 23 25 27 28 29 31 32 33 36 38 39 40 45 46 48 50 53 55 56 57 58 59 63 70 72 75 78 80 84 85 90 91 93 94 96 99
200 0 3 4 5 6 9 10 12 14 15 16 23 25 27 28 29 31 32 33 36 38 39 40 45 46 48 50 53 55 56 57 58 59 63 72 75 78 80 84 85 90 91 94 96 99
201 3 4 5 6 9 10 12 15 16 23 25 27 28 29 31 32 33 36 38 39 40 45 46 48 50 53 56 57 58 59 63 72 75 78 80 84 85 90 91 94 96 99
202 3 4 5 6 9 10 12 15 16 23 25 28 29 31 32 33 36 38 39 40 45 46 48 50 53 56 57 58 59 63 72 78 80 84 85 90 91 94 96 99
203 3 4 5 6 10 12 15 16 23 25 28 29 31 32 33 36 38 39 40 45 46 48 50 53 56 57 58 59 63 72 78 80 84 85 90 91 94 96 99
204 3 4 5 6 10 12 15 16 25 28 29 31 32 33 36 38 39 40 46 48 50 53 56 57 58 63 72 78 80 84 85 90 91 94 96 99
205 4 5 6 10 12 15 16 25 28 29 32 33 36 38 39 40 46 48 50 53 56 57 58 63 72 78 80 84 85 90 91 94 96 99
206 4 6 10 12 15 16 25 28 29 32 33 36 38 39 40 46 48 50 53 56 58 63 72 78 80 85 90 91 94 96 99
207 4 6 10 12 15 16 25 29 32 33 36 38 39 40 46 48 50 53 56 58 63 72 78 80 85 91 94 96 99
208 4 6 10 12 15 25 29 32 33 36 38 39 40 46 50 56 58 63 72 78 80 85 91 94 96 99
209 4 6 10 12 15 29 32 33 36 38 39 40 46 50 56 63 72 78 80 85 94 96 99
210 4 6 10 12 15 29 32 33 36 39 40 46 50 56 63 72 80 85 94 96 99
