# slot range... : ranges read in intervals [slot, slot+5)
30 0 3 9 10 14 15 22 24 25 28 35 36 38 40 42 45 48 50 53 55 56 58 59 60 63 64 66 70 72 73 75 80 81 82 91 96
31 0 3 9 10 14 15 22 24 25 28 35 36 38 40 42 45 50 52 53 55 56 58 59 60 63 64 66 70 72 73 75 80 81 82 91 96
32 0 3 9 10 14 15 21 22 25 35 36 38 40 42 45 50 52 53 54 55 56 58 59 63 64 66 72 73 75 78 80 81 82 91 96
33 2 9 10 15 21 22 25 35 36 40 42 45 49 50 52 53 54 55 56 59 63 64 66 70 72 73 75 78 80 81 82 90 91 96
34 2 5 9 10 15 21 22 25 33 36 40 42 45 49 50 52 53 54 55 56 58 59 63 64 66 70 72 73 75 78 80 81 82 87 90 91 94
35 2 5 9 10 14 15 21 22 25 33 36 40 42 45 49 50 52 53 54 55 56 58 59 63 64 66 70 72 73 75 78 80 81 82 87 90 91 94 99
36 2 5 6 10 14 15 20 21 22 24 25 33 36 42 44 45 49 50 52 53 54 55 56 58 59 64 66 70 71 72 73 78 80 81 82 85 87 90 91 94 99
37 2 5 6 10 12 14 15 18 20 21 22 24 25 33 36 44 45 49 50 52 53 54 55 56 58 59 66 70 71 72 73 78 80 81 82 85 87 90 91 94 96 99
38 2 5 6 9 10 12 14 15 18 20 21 22 24 25 31 33 35 36 40 44 49 50 52 54 55 56 58 59 63 66 68 70 71 72 78 81 85 87 90 91 94 96 99
39 2 5 6 9 10 12 14 15 18 20 21 22 24 25 31 33 35 36 40 44 49 50 52 54 55 56 58 63 66 68 69 70 71 72 77 78 81 85 87 90 91 94 96 97 99
40 1 2 5 6 9 10 12 14 15 18 20 22 24 25 31 33 35 36 38 40 44 49 50 52 55 56 58 63 64 68 69 70 71 72 77 85 87 90 91 94 96 97 99
41 1 2 3 5 6 9 10 12 14 15 18 20 24 25 31 33 35 38 39 40 44 50 52 56 57 58 63 64 67 68 69 70 71 72 77 82 85 86 87 91 94 96 97 99
42 1 3 6 9 10 12 14 15 18 20 21 24 25 31 35 38 39 40 44 50 52 56 57 58 63 64 67 68 69 70 71 72 77 80 82 85 86 87 91 96 97 99
43 1 3 6 9 10 12 14 15 18 20 21 24 25 31 35 36 38 39 40 44 50 56 57 63 64 67 68 69 70 71 72 77 80 81 82 85 86 87 96 97 99
44 1 2 3 6 9 10 12 14 15 18 21 24 25 31 35 36 38 39 40 44 52 56 57 60 63 64 67 68 69 70 72 75 76 77 80 81 82 86 87 95 96 97 99
45 1 2 3 6 9 10 11 12 14 15 18 19 21 25 31 35 36 38 39 40 44 52 56 57 60 63 64 67 68 69 70 72 75 76 77 80 81 82 86 87 95 96 97 99
46 0 1 2 3 6 10 11 12 14 15 16 19 21 25 31 36 38 39 40 42 44 52 56 57 59 60 63 64 67 69 70 72 75 76 77 80 81 82 86 87 95 96 97 99
47 0 1 2 3 6 10 11 12 14 15 16 19 21 22 25 31 36 38 39 40 42 44 52 54 56 57 59 60 63 64 67 70 72 75 76 80 81 82 83 86 87 95 96 99
48 0 2 3 6 10 11 12 14 15 16 19 21 22 24 25 36 39 40 41 42 44 52 54 56 57 59 60 63 67 72 73 75 76 80 81 82 83 86 87 95 96 99
49 0 2 5 6 7 11 12 16 19 21 22 24 25 36 39 40 41 42 43 44 52 54 56 57 59 60 63 66 72 73 75 76 80 81 82 83 86 87 91 95 96 97 99
50 0 2 5 6 7 11 12 16 19 21 22 24 25 36 39 40 41 42 43 44 50 52 53 54 56 57 59 60 63 66 72 73 74 75 76 80 81 82 83 86 87 91 95 96 97 99
51 0 2 5 6 7 10 11 12 16 19 21 22 24 25 36 39 40 41 42 43 44 50 52 53 54 56 57 59 60 63 66 72 73 74 75 76 80 82 83 86 87 91 94 95 96 97 99
52 0 2 5 6 7 10 11 12 16 18 19 20 21 22 24 25 36 38 39 40 41 42 43 44 50 52 53 54 56 57 59 63 66 72 73 74 75 78 80 82 83 86 87 91 94 96 97 99
53 0 2 5 6 7 10 12 16 18 20 21 22 24 25 36 38 39 40 41 42 43 44 50 52 53 54 56 57 59 63 66 72 73 74 75 78 80 82 83 86 87 91 94 96 97
54 2 5 6 7 9 10 12 18 20 21 22 24 25 31 33 36 38 39 40 41 43 44 50 52 53 54 56 59 63 66 72 73 74 75 78 80 82 83 86 87 91 94 96 97 99
55 2 5 6 7 9 10 12 16 18 20 21 22 24 25 31 33 36 38 39 40 41 43 44 50 52 53 54 56 59 63 66 72 73 74 75 78 80 82 86 87 91 93 94 96 97 99
56 2 5 7 9 10 12 15 16 18 20 21 22 24 25 31 33 36 38 40 43 44 50 52 53 56 57 59 60 63 66 72 74 75 78 80 82 86 87 91 93 94 96 97 99
57 0 2 6 9 10 15 16 18 20 21 22 25 27 31 33 34 36 38 40 44 50 52 53 56 57 59 60 63 66 74 75 78 80 82 87 91 93 94 96 99
58 0 2 6 9 10 12 15 16 18 20 21 22 25 27 31 33 34 36 38 40 44 50 52 56 57 59 60 63 72 75 78 82 84 87 91 93 94 96 99
59 0 2 6 9 10 12 15 16 18 20 21 22 25 27 31 33 34 36 38 40 44 52 56 57 59 60 63 72 75 78 84 87 91 93 96 99
60 0 2 6 9 10 12 15 16 20 21 22 25 27 31 33 34 36 40 44 48 50 51 52 56 57 59 60 63 72 75 77 84 87 91 93 96 99
61 0 2 6 9 10 12 15 16 20 22 25 27 31 33 34 36 40 44 48 50 51 52 56 57 58 59 60 63 71 72 75 77 84 91 93 96 99
62 0 6 9 10 12 15 16 18 20 22 25 27 34 36 38 39 40 41 48 50 51 52 56 57 58 59 60 63 71 72 75 77 84 91 93 96 99
63 0 6 9 10 12 15 18 20 22 25 27 34 36 38 39 40 41 48 50 51 52 56 57 58 59 60 63 71 72 75 77 83 84 86 91 96 99
64 0 6 9 12 15 18 22 25 27 31 34 36 38 39 40 41 48 50 51 52 56 57 58 59 63 71 72 75 77 78 83 84 86 91 96 99
65 6 9 12 15 18 24 25 31 33 34 36 37 38 39 40 41 43 44 48 50 51 52 56 57 58 59 63 66 71 72 75 76 77 78 80 83 84 86 91 96 99
66 6 9 10 11 15 18 24 25 31 33 34 35 36 37 38 39 40 41 43 44 48 50 51 52 56 57 58 59 63 66 71 72 74 75 76 77 78 80 83 84 86 91 96 99
67 6 10 11 15 18 22 24 25 31 33 34 35 36 37 38 39 40 41 43 44 48 50 51 52 55 56 57 58 59 63 66 71 72 74 75 76 77 78 80 83 84 86 96 99
68 1 9 10 11 15 18 20 22 24 25 31 32 33 34 35 36 37 38 39 40 41 43 44 45 48 50 52 55 56 57 58 59 63 64 66 70 71 72 74 75 76 78 80 83 84 86 96 99
69 1 9 10 11 15 18 20 22 24 31 32 33 34 35 36 37 38 39 40 41 43 44 45 48 50 52 55 56 57 59 63 64 66 70 72 74 75 76 78 79 80 83 84 86 91 96 99
70 1 3 9 10 11 14 15 20 22 24 31 32 33 34 35 36 37 38 40 43 44 45 48 50 52 55 56 57 59 63 64 66 70 74 75 76 78 79 80 82 83 84 86 91 93 94 99
71 1 3 9 10 11 14 15 18 20 21 22 24 26 31 32 33 34 35 37 38 40 43 44 45 48 50 52 55 56 57 59 63 64 66 70 74 75 76 78 79 80 82 83 84 86 91 93 94 96 99
72 1 3 9 10 11 14 15 18 20 21 22 24 26 27 32 33 35 37 38 40 43 44 45 48 52 55 56 57 59 62 64 66 70 74 75 76 79 80 82 83 84 85 87 91 93 94 96 99
73 1 2 3 9 10 11 14 15 18 20 21 22 24 26 27 31 32 35 38 40 41 44 45 48 55 56 57 59 62 63 64 69 70 72 74 75 79 80 82 83 85 87 88 89 91 93 94 96 99
74 1 2 3 9 10 14 15 18 20 21 22 24 26 27 31 32 35 38 40 41 44 45 48 55 56 57 59 62 63 64 69 70 72 74 79 80 82 83 85 86 87 88 89 91 93 94 95 96 99
75 1 2 3 9 10 14 15 18 20 21 22 24 26 27 31 32 38 41 44 45 56 57 59 62 63 64 69 70 72 74 75 79 80 82 83 85 86 87 88 89 91 93 94 95 96 99
76 1 2 3 9 10 14 15 16 18 20 21 22 24 25 26 27 28 31 32 40 41 44 45 54 56 59 62 63 69 70 72 74 75 79 80 82 85 86 87 88 89 91 93 94 95 96 99
77 1 2 3 5 9 10 14 15 16 18 20 21 22 24 25 26 27 28 30 31 40 41 44 45 54 56 59 62 63 69 72 74 75 80 82 85 86 87 88 89 91 93 94 95 96 99
78 2 3 5 6 9 10 14 15 16 18 20 21 25 26 27 28 30 31 40 41 44 45 54 56 59 62 63 69 72 74 75 80 85 86 87 88 89 91 95 96
79 2 3 5 6 9 10 12 14 15 16 20 23 25 26 27 28 30 31 35 40 41 44 45 54 56 59 62 63 69 72 74 75 80 85 86 87 88 89 91 95 96
80 2 5 6 9 10 12 14 15 16 20 23 25 28 30 31 35 40 41 44 45 48 54 56 59 62 63 69 72 74 75 80 86 87 88 89 91 95 96
81 5 6 7 9 10 12 14 15 16 18 20 23 24 25 28 30 35 38 40 44 48 54 56 59 62 63 70 72 74 75 80 86 87 91 95 96
82 5 6 7 10 12 14 15 16 18 20 22 23 24 25 28 30 31 35 38 40 44 48 54 56 59 62 63 70 72 74 75 80 86 87 91 96
83 5 6 7 10 12 14 15 16 18 20 22 23 24 25 28 30 31 35 38 40 44 48 53 54 56 59 62 63 70 72 75 80 87 91 96
84 5 6 7 10 12 14 15 18 22 23 24 25 30 31 35 38 40 44 48 51 52 53 56 59 62 63 64 70 72 74 75 78 80 87 91 96
85 5 6 7 10 12 14 15 18 22 23 24 25 31 35 38 40 44 48 51 52 53 56 59 62 63 64 70 72 74 75 78 80 82 87 91 93 96
86 5 6 7 10 12 14 15 18 20 22 23 24 25 27 31 33 35 38 40 41 44 48 51 52 53 56 59 63 64 68 70 72 74 75 78 80 82 87 91 93 96
87 5 6 7 9 10 12 14 15 18 20 21 22 24 25 27 31 33 35 38 40 41 44 45 48 51 52 53 56 59 61 63 64 68 69 70 72 74 75 78 80 82 86 87 91 93 96
88 5 6 7 9 10 12 13 14 15 18 20 21 22 24 25 27 31 33 35 38 40 41 45 51 52 53 56 59 61 63 64 68 69 70 72 74 75 78 80 82 86 87 91 93 96
89 1 2 6 9 10 12 13 14 15 20 21 22 25 27 30 31 33 35 38 40 41 44 45 50 51 52 53 56 61 63 64 68 69 70 72 73 74 78 80 82 86 87 91 93 96 98 99
90 1 2 3 6 9 10 12 13 14 15 20 21 25 27 30 33 38 40 41 44 45 50 51 52 53 56 61 62 63 64 66 68 69 70 72 73 74 75 78 80 82 86 87 91 93 96 98 99
91 1 2 3 6 9 10 12 13 14 15 20 21 25 27 30 33 38 40 41 44 45 50 51 52 53 54 56 61 62 63 64 66 68 69 70 72 73 74 75 78 80 82 86 87 91 93 96 98 99
92 1 2 3 5 9 10 12 13 14 15 20 21 25 27 30 33 38 39 40 41 44 45 46 50 52 53 54 55 56 61 62 63 66 68 69 72 73 75 78 80 82 86 93 96 98 99
93 1 2 3 5 9 10 13 14 15 20 21 25 26 27 30 33 38 39 40 41 44 45 46 50 53 54 55 56 61 62 63 66 68 69 72 73 75 78 80 84 86 96 98 99
94 1 2 3 5 9 10 13 15 21 25 26 29 30 33 36 38 39 40 44 45 46 48 50 53 54 55 56 61 62 63 66 69 72 73 75 78 80 84 86 89 96 98 99
95 1 2 3 5 9 10 13 15 25 26 28 29 30 33 36 38 39 40 44 45 46 48 50 52 53 54 55 56 62 63 66 69 72 73 75 78 80 84 86 89 96 98 99
96 1 2 3 5 9 10 24 25 26 28 29 30 33 36 38 39 40 44 45 46 48 50 52 53 54 55 56 59 62 63 66 69 72 73 74 75 78 80 84 89 96 98 99
97 3 5 9 10 11 14 24 25 26 28 29 33 35 36 38 39 40 45 46 48 49 52 53 54 55 56 59 62 63 65 66 69 72 73 74 75 78 80 84 89 91 96 99
98 5 9 10 11 14 20 24 25 26 28 29 33 35 36 38 39 40 45 46 48 49 52 54 55 56 57 59 62 63 65 66 69 72 73 74 75 78 80 83 84 87 89 91 96 99
99 5 9 10 11 14 20 24 25 26 28 29 33 35 36 38 39 40 45 46 48 49 52 54 55 56 57 59 65 66 69 70 72 73 74 75 80 83 84 87 89 91 96 99
100 5 6 9 10 11 14 20 24 25 26 28 29 33 35 36 38 44 48 49 52 54 55 56 57 59 65 66 69 70 72 73 74 75 80 83 84 87 89 90 91 96 98 99
101 5 6 9 10 11 14 20 24 25 28 29 33 35 36 38 44 46 48 49 50 52 55 56 57 58 59 65 66 67 69 70 72 73 74 75 83 87 89 90 91 96 98 99
102 6 9 10 11 12 14 20 24 25 28 29 35 38 44 46 49 50 52 54 55 56 57 58 59 65 66 67 69 70 72 73 74 75 81 83 87 90 91 96 98 99
103 2 6 9 10 11 12 14 15 20 24 25 29 35 38 44 46 49 50 52 54 55 56 57 58 59 63 65 66 67 69 70 72 74 81 83 87 90 91 96 98 99
104 2 5 6 9 10 11 12 14 15 20 24 25 29 35 36 44 46 49 50 54 55 56 57 58 59 63 65 66 67 69 70 72 81 83 87 90 91 96 98 99
105 2 5 6 9 10 12 14 15 20 24 25 29 33 35 36 40 44 46 48 49 50 52 54 55 56 57 58 63 67 69 70 71 72 81 83 87 90 94 96 98 99
106 2 5 6 9 10 12 14 15 18 24 29 33 35 36 38 40 44 46 48 49 50 52 54 56 57 58 63 67 69 70 71 72 81 83 85 87 90 94 96 98 99
107 2 5 6 9 10 12 14 15 18 24 29 33 35 36 38 40 44 46 48 49 50 52 54 56 57 58 63 67 69 71 81 85 87 90 94 96 98 99
108 2 5 6 9 10 12 15 18 25 29 31 33 35 36 38 40 44 46 48 49 50 52 54 56 57 58 63 67 69 71 72 80 81 85 87 88 94 96 98 99
109 2 5 6 9 10 12 15 18 25 29 31 33 35 36 38 40 44 48 49 52 54 56 57 63 67 69 71 72 80 81 85 87 88 90 94 96 99
110 2 5 6 9 10 12 15 18 25 29 31 33 36 38 40 44 48 49 52 56 57 58 63 69 71 72 80 81 85 87 88 90 94 95 96 99
111 5 6 9 10 12 15 18 25 29 31 33 36 37 38 40 44 48 49 52 56 57 58 63 69 71 72 80 81 85 87 88 90 94 95 96 99
112 5 9 10 12 15 16 18 25 29 31 33 36 37 38 40 44 48 50 52 56 57 58 63 69 71 72 80 85 87 88 90 93 94 95 96 99
113 5 6 10 15 16 18 25 27 29 31 36 37 38 40 43 44 48 50 52 56 57 58 63 69 72 75 80 85 87 88 90 93 94 95 96 99
114 5 6 10 15 16 18 25 27 29 31 37 38 40 43 44 48 50 52 56 57 58 59 63 69 72 74 75 80 87 88 90 93 94 95 96 99
115 5 6 9 10 15 16 25 27 29 31 37 38 40 43 44 48 50 52 56 57 58 59 63 69 72 74 75 80 85 87 88 90 93 94 95 96
116 5 6 9 10 15 16 20 22 25 27 37 38 40 43 44 45 48 49 50 56 57 58 59 63 65 69 72 74 75 85 87 88 90 93 94 95 96 99
117 5 6 9 10 15 16 20 22 25 27 37 38 40 43 44 45 48 49 50 56 58 59 63 65 69 70 72 74 75 85 87 93 94 95 96 99
118 6 9 10 14 15 16 20 22 25 27 37 38 40 43 44 45 48 49 50 56 59 62 63 65 70 72 74 75 85 87 93 94 96 99
119 6 9 10 14 15 16 20 22 25 27 38 40 43 44 45 49 50 56 57 59 60 62 63 65 70 72 74 75 85 87 93 94 96 99
120 6 9 11 14 15 20 22 25 27 37 38 40 43 44 45 49 50 56 57 59 60 62 63 65 70 72 74 75 80 85 87 93 94 96 99
121 0 6 9 11 12 14 15 20 22 25 27 37 38 40 44 45 49 50 56 57 59 60 62 63 65 66 70 72 74 75 80 83 85 87 93 96 99
122 0 6 9 11 12 14 15 20 22 27 37 38 44 45 49 50 55 56 57 59 60 62 63 65 66 70 72 75 80 83 85 87 91 93 96 99
123 0 6 9 11 12 14 15 20 22 24 27 37 38 44 45 49 50 55 56 57 59 60 62 63 65 66 70 72 75 80 83 87 91 93 96 99
124 0 3 6 9 11 12 14 15 22 24 27 31 35 37 38 44 45 50 55 56 57 59 60 62 63 66 70 72 75 80 83 85 87 91 93 96 99
125 0 3 6 9 11 12 14 15 22 24 27 31 35 37 44 45 50 55 56 57 59 60 62 63 66 72 75 80 83 85 87 91 96 99
126 0 3 6 9 10 11 12 15 22 24 27 31 35 37 44 45 50 55 56 57 59 60 63 66 72 75 80 83 85 87 91 96 99
127 0 3 6 9 10 11 12 15 17 18 22 24 25 27 31 35 37 44 45 50 55 56 57 59 60 63 66 72 75 80 83 85 87 91 96 99
128 0 3 6 9 10 12 13 15 17 18 22 24 25 27 31 35 37 44 45 50 55 56 57 59 60 63 66 72 75 80 83 85 91 96 99
129 0 3 6 9 10 12 13 15 17 18 22 24 25 27 31 35 44 48 50 53 55 56 57 59 60 63 66 72 75 85 91 96 99
130 0 3 9 10 12 13 15 17 18 22 24 25 27 31 35 38 48 50 53 55 56 57 59 60 63 66 72 75 85 91 96 99
131 0 3 9 10 12 13 15 17 18 22 24 25 27 31 35 38 40 48 50 53 55 56 57 59 60 63 66 72 75 78 85 91 96 99
132 0 3 9 10 13 15 16 17 18 22 24 25 27 30 31 33 35 38 40 46 48 50 53 55 56 57 59 60 63 66 70 72 75 78 80 82 91 96 99
133 0 9 10 13 15 16 17 18 22 24 25 27 30 31 33 35 38 40 46 48 50 53 55 56 57 59 60 62 63 65 66 70 72 75 78 80 82 83 91 96 99
134 0 6 9 10 12 13 14 15 16 17 18 21 24 25 29 30 31 33 35 38 40 46 48 50 53 55 56 57 59 60 62 63 65 66 70 72 75 78 80 82 83 96 99
135 0 2 6 9 10 12 13 14 15 16 21 24 25 29 30 31 33 35 38 40 46 48 50 53 55 56 57 59 62 63 65 66 69 70 72 73 75 78 80 82 83 96 99
136 0 2 6 9 10 12 13 14 15 16 21 24 25 29 30 31 33 35 38 40 46 48 53 55 56 57 59 62 63 65 66 69 70 72 73 75 78 80 82 83 96 99
137 2 6 9 10 12 13 14 15 16 21 24 25 29 30 33 35 38 40 45 46 53 55 57 59 62 63 65 66 69 70 73 75 78 79 80 82 83 89 94 96 99
138 2 6 9 10 12 13 14 15 16 21 24 25 29 30 33 35 38 40 45 46 53 55 57 59 62 63 65 66 69 70 72 73 74 75 78 79 80 82 83 89 93 94 96 99
139 2 6 9 10 12 13 14 16 21 24 25 29 30 33 35 38 40 45 46 53 55 57 59 62 63 65 66 69 70 72 73 74 75 78 79 80 82 83 89 93 94 96 99
140 2 6 9 10 12 13 14 15 16 20 21 24 25 27 29 30 33 35 38 40 45 50 53 55 57 58 62 63 65 66 69 70 72 73 74 75 78 79 80 82 83 89 93 94 96 99
141 2 6 9 10 12 13 14 15 20 21 24 25 27 29 30 33 35 38 45 48 50 53 55 57 58 62 63 66 69 70 72 73 74 75 78 79 80 82 89 93 94 96 99
142 2 6 9 10 12 13 15 20 21 24 25 27 30 33 35 38 45 48 50 53 55 57 58 62 63 66 69 70 72 73 74 75 78 79 80 82 89 92 93 94 96 99
143 2 6 9 10 12 13 15 20 21 24 25 27 30 33 35 38 40 41 45 48 50 53 55 56 57 58 62 63 66 70 72 73 74 75 78 79 80 82 89 92 93 94 96 99
144 2 6 9 10 12 15 20 21 24 25 27 30 33 34 35 38 40 41 45 48 50 53 55 56 57 58 62 63 66 70 72 73 74 75 78 79 80 89 90 92 93 94 96 99
145 2 6 9 12 14 15 20 24 27 30 31 33 34 35 38 40 41 45 48 50 52 53 55 56 57 58 60 62 63 66 70 72 73 74 75 78 79 80 81 86 90 92 93 94 96 99
146 0 2 6 9 12 14 15 20 24 25 27 30 31 33 34 35 36 38 40 41 44 45 48 50 52 55 56 57 58 60 62 63 66 70 72 73 75 78 79 80 81 84 86 90 92 93 94 96 99
147 0 6 9 10 12 14 15 20 24 25 27 30 31 33 34 35 36 38 40 41 44 45 48 50 52 55 56 57 58 60 62 63 66 70 72 73 75 78 79 80 81 84 86 90 92 93 94 96 99
148 0 4 6 9 10 12 14 15 24 25 27 29 31 33 34 35 36 38 40 41 44 45 48 50 52 55 56 57 58 60 62 63 66 70 72 73 75 78 79 80 81 84 86 90 92 93 96 99
149 0 4 6 9 10 12 14 15 25 27 29 31 33 34 35 36 38 40 41 44 45 48 50 52 55 56 57 58 60 63 66 70 72 75 78 79 80 81 84 86 90 92 93 96 99
150 0 4 6 9 10 12 14 15 25 27 29 31 32 33 34 36 40 41 44 46 48 50 52 55 56 57 58 59 60 63 69 70 72 75 78 79 80 81 84 86 90 93 96 99
151 0 4 6 9 10 12 14 15 25 27 29 31 32 33 34 36 40 44 46 48 50 52 55 56 57 58 59 60 63 69 70 72 75 80 81 83 84 86 87 88 90 93 96 99
152 0 4 6 9 10 12 14 15 25 27 29 31 32 33 36 40 44 46 48 50 52 56 57 58 59 60 63 69 71 72 75 80 81 83 84 86 87 88 93 94 99
153 0 4 6 9 10 12 15 18 24 25 27 29 32 35 36 40 44 46 48 50 52 56 57 59 60 63 65 69 71 72 75 80 83 84 87 88 94 95 99
154 0 4 6 9 10 12 15 16 18 24 25 27 29 32 35 40 44 46 48 50 52 56 57 59 60 65 69 71 72 75 80 83 85 87 88 94 95 99
155 0 4 6 9 10 15 16 18 24 25 29 31 32 35 40 44 46 50 52 56 57 59 60 65 69 70 71 72 75 80 83 85 87 88 94 95 99
156 0 4 6 10 14 15 16 18 22 24 25 27 29 31 32 35 40 44 46 48 50 56 57 59 60 65 69 70 71 72 75 80 83 85 87 88 94 95 99
157 0 6 10 14 16 18 22 24 25 27 29 31 32 35 40 44 46 47 48 50 56 57 59 65 69 70 71 72 75 80 83 85 87 88 94 95 99
158 6 9 10 14 16 18 22 23 24 25 27 29 31 35 36 38 44 47 48 50 56 57 59 65 69 70 71 72 75 80 83 85 87 88 91 94 95 96 99
159 6 9 10 14 16 18 22 23 24 25 27 29 31 35 36 38 44 47 48 50 54 56 57 59 65 69 70 71 72 75 76 80 81 83 85 87 91 94 95 96 99
160 5 6 9 10 14 16 18 22 23 24 25 27 31 35 36 38 44 47 48 50 52 54 56 57 59 65 69 70 71 72 75 76 80 81 83 85 87 91 95 96 99
161 5 6 9 10 11 14 16 18 22 23 24 25 27 28 31 32 35 36 38 42 44 47 48 52 54 56 57 59 63 69 70 71 72 75 76 80 81 83 85 87 91 96 99
162 5 6 9 10 11 14 18 22 23 24 25 27 28 31 32 35 36 38 42 44 47 48 52 54 56 57 63 70 71 72 75 76 80 81 83 87 91 94 96 99
163 5 6 9 10 11 14 18 22 23 24 25 27 28 31 32 35 36 38 42 44 47 48 52 54 56 57 59 63 70 71 73 75 76 80 81 83 87 91 94 96 99
164 5 9 10 11 14 18 22 23 24 25 28 31 32 35 36 38 39 42 44 47 48 52 54 56 57 59 63 66 70 71 73 75 76 78 80 81 83 85 87 91 94 96 99
165 5 9 10 11 14 18 22 23 24 25 28 31 32 33 35 36 38 39 42 52 54 56 57 59 63 66 70 71 73 75 76 78 80 81 83 85 87 91 94 96 99
166 5 10 11 14 18 22 24 25 28 31 32 33 35 36 39 42 52 54 55 56 57 59 63 66 70 71 72 73 75 76 78 80 81 83 85 87 89 91 94 96 99
167 1 5 10 11 14 18 22 24 25 28 31 32 33 36 39 42 47 52 55 56 57 59 60 63 66 70 71 72 73 75 76 78 80 83 85 87 89 91 94 96 99
168 1 5 10 11 18 22 24 25 28 31 32 33 36 39 42 44 47 52 55 56 57 59 60 63 66 70 72 73 74 75 76 78 80 83 85 87 89 91 94 97 99
169 0 1 3 10 11 17 18 19 22 24 25 31 33 36 39 44 47 51 52 55 56 57 59 60 66 72 73 74 75 76 78 80 82 83 85 89 91 93 94 97 99
170 0 1 3 10 11 17 19 20 22 24 25 27 31 33 36 39 42 44 47 51 52 53 55 56 57 59 60 66 72 73 74 75 76 78 80 82 83 85 89 91 93 96 97 99
171 0 1 3 9 10 11 17 19 20 21 22 24 25 27 33 36 39 41 42 44 47 51 52 53 55 56 57 59 60 66 72 74 75 76 78 80 82 83 85 89 91 93 96 97 99
172 0 1 2 3 9 10 11 13 17 19 20 21 22 24 25 27 28 32 33 36 41 42 44 47 51 52 53 55 56 57 59 60 63 66 72 73 74 75 76 78 82 83 86 89 91 93 96 97 99
173 0 1 2 3 9 11 13 17 19 20 21 22 24 25 27 28 32 36 41 42 44 47 51 52 53 55 56 57 59 60 63 72 73 74 75 78 82 83 86 89 93 96 97 99
174 0 1 2 3 9 13 17 19 20 21 22 24 25 27 28 32 33 36 41 42 44 47 51 52 53 56 57 59 60 63 66 73 74 75 78 82 83 86 91 93 94 96 97 99
175 0 2 3 9 13 15 17 19 20 21 22 24 25 27 28 32 33 36 41 42 44 51 52 53 56 57 59 63 66 67 73 74 75 78 82 83 86 91 93 94 96 97 99
176 0 2 3 6 9 13 15 17 19 20 21 22 24 25 27 28 32 33 36 41 42 44 51 52 53 56 57 59 63 66 67 73 74 75 78 82 85 86 91 93 94 96 99
177 1 2 6 9 12 13 15 18 20 21 24 25 27 28 32 33 40 41 42 44 52 53 56 57 59 63 64 66 67 71 72 73 74 75 78 81 85 86 91 94 96 99
178 1 2 3 6 9 12 13 15 18 20 21 25 27 28 31 32 33 36 40 41 44 52 53 56 57 59 63 64 66 67 71 72 73 74 75 78 81 85 86 91 94 96 99
179 1 2 3 6 9 12 13 15 18 20 25 27 28 31 32 33 36 40 44 53 56 57 59 63 64 66 67 71 72 73 74 78 80 81 82 85 86 91 94 96 99
180 1 3 6 9 10 12 15 18 20 21 26 27 28 31 32 33 36 40 44 52 53 56 57 63 64 66 67 71 72 74 75 78 80 81 82 85 86 91 94 96 99
181 1 3 6 8 9 10 12 15 18 20 21 26 28 31 33 36 40 44 52 53 56 57 63 64 66 67 71 72 75 78 80 81 82 85 91 94 96 99
182 1 2 3 6 8 9 10 12 15 18 21 25 26 28 31 33 36 40 52 56 57 63 64 67 71 72 75 78 80 81 82 85 89 91 96 99
183 1 2 3 6 8 9 10 12 15 18 21 25 26 31 33 36 40 52 56 57 63 64 71 72 74 75 78 80 81 82 85 89 91 96 97 99
184 1 2 3 6 8 10 12 15 18 21 25 26 31 33 36 40 52 56 57 63 64 71 72 74 75 80 81 82 89 91 93 96 97 99
185 0 2 3 6 8 10 12 15 16 18 20 21 22 25 26 27 31 33 36 40 52 56 57 59 63 74 75 80 82 89 93 96 97 99
186 0 2 6 8 10 12 15 16 18 20 21 22 25 26 27 31 36 40 52 56 57 59 63 72 74 75 80 82 89 91 93 96 97 99
187 0 2 6 8 9 10 12 15 16 20 21 22 25 26 27 31 36 40 52 56 57 59 63 72 74 75 80 82 89 91 93 96 97
188 0 2 6 8 9 10 12 15 16 20 21 22 24 25 26 27 36 40 52 56 57 59 63 72 74 75 80 82 84 87 89 91 93 96 97 99
189 0 2 6 9 10 12 15 16 20 21 22 24 25 26 27 40 44 52 56 57 59 63 66 72 74 75 80 82 84 87 89 91 93 97 99
190 0 2 6 9 12 15 16 20 21 22 24 25 26 27 35 40 44 48 55 56 57 59 66 72 74 75 79 82 84 87 89 91 93 96 97 99
191 0 2 6 9 12 15 16 20 21 22 24 25 26 27 31 35 40 44 45 48 55 56 57 59 60 66 70 72 74 75 79 82 84 87 89 91 93 96 99
192 0 2 5 6 9 12 16 20 21 22 24 27 31 35 38 40 44 45 48 55 56 57 58 59 60 63 66 70 72 74 75 79 82 84 87 89 91 93 96 99
193 0 2 5 6 9 10 12 14 15 20 21 22 24 27 31 35 38 44 45 48 55 56 57 58 59 60 63 66 70 72 74 75 79 84 87 89 91 93 96 99
194 0 2 5 6 9 10 12 14 15 20 21 22 24 27 31 35 38 44 45 48 55 56 57 58 59 60 63 66 70 74 75 79 84 87 91 93 96 99
195 0 2 5 6 9 10 12 14 15 20 22 24 25 27 31 35 38 40 44 45 48 55 56 57 58 59 60 63 66 70 75 79 84 87 91 93 96 99
196 0 5 6 9 10 14 15 16 20 22 23 25 27 31 35 38 40 44 45 48 50 55 56 57 58 59 60 63 66 70 72 75 79 80 84 93 96 99
197 0 3 5 6 9 10 14 15 16 22 23 25 27 31 35 38 40 45 48 50 55 56 57 58 59 60 63 70 72 75 79 80 84 93 96 99
198 0 3 5 6 9 10 14 15 16 23 25 27 31 38 40 45 48 50 55 56 57 58 59 60 63 70 72 75 80 84 93 96 99
199 0 3 5 6 9 10 12 14 15 16 23 25 27 28 31 38 40 45 48 50 55 56 57 58 59 63 70 72 75 80 84 90 93 96 99
200 0 3 5 6 9 10 12 14 15 16 23 25 27 28 31 38 40 45 48 50 53 55 56 57 59 63 72 75 80 84 90 96 99
201 3 5 6 9 10 12 15 16 23 25 27 28 31 38 40 45 48 50 53 56 57 58 59 63 72 75 80 84 85 90 91 94 96 99
202 3 5 6 9 10 12 15 16 23 25 28 31 38 40 45 48 50 53 56 57 58 59 63 72 78 80 84 85 90 91 94 96 99
203 3 5 6 10 12 15 16 23 25 28 31 33 38 45 48 50 53 56 57 58 59 63 72 78 80 84 85 90 91 94 96 99
204 3 4 5 6 10 12 15 16 25 28 31 32 33 38 39 40 46 48 50 53 56 57 58 63 72 78 84 85 90 91 94 96
205 4 5 6 10 12 15 16 25 28 29 32 33 38 39 40 46 48 50 53 56 57 58 63 72 78 84 85 90 91 94 96 99
206 4 6 10 12 15 16 25 28 29 32 33 36 38 39 40 46 48 50 53 56 58 63 72 78 80 85 90 91 94 96 99
207 4 6 10 12 15 16 25 29 32 33 36 38 39 40 46 48 50 53 56 58 63 72 78 80 85 91 94 96 99
208 4 6 10 12 15 25 29 32 33 36 38 39 40 46 50 56 58 63 72 78 80 85 91 94 96 99
209 4 6 10 12 15 29 32 33 36 38 39 40 46 50 56 63 72 78 80 85 94 96 99
210 4 6 10 12 15 29 32 33 36 39 40 46 50 56 63 72 80 85 94 96 99
