tree
version=v4
num_class=1
num_tree_per_iteration=1
label_index=0
max_feature_idx=17
objective=binary sigmoid:1
feature_names=read_rate_t-6 read_rate_t-5 read_rate_t-4 read_rate_t-3 read_rate_t-2 read_rate_t-1 write_rate_t-6 write_rate_t-5 write_rate_t-4 write_rate_t-3 write_rate_t-2 write_rate_t-1 hour minute second precursor_rate_0 precursor_rate_1 precursor_rate_2
feature_infos=[0:67] [0:67] [0:41] [0:67] [0:41] [0:35] [0:14] [0:14] [0:10] [0:14] [0:14] [0:12] none [0:5] [0:58] [0:19] [0:34] [0:29]
tree_sizes=3362 3537 3511 3501 3467 3512 3515 3514 3526 3503 3458 3555 3543 3478 3493 3518 3493 3509 3470 3452

Tree=0
num_leaves=31
num_cat=0
split_feature=5 5 9 2 0 16 17 8 15 0 2 3 17 17 3 15 2 14 13 5 16 2 17 14 16 14 4 3 1 2
split_gain=25.6571 18.7117 10.1013 7.96904 9.12361 7.08209 6.559 6.57755 9.93856 11.8245 11.5781 8.92229 7.20101 7.14841 7.13192 5.77767 5.6692 5.54287 8.74322 6.71558 8.44084 8.40385 6.05615 8.7323 5.64379 9.72555 6.49275 6.44565 6.29827 15.3526
threshold=10.500000000000002 1.0000000180025095e-35 1.0000000180025095e-35 1.5000000000000002 7.5000000000000009 8.5000000000000018 9.5000000000000018 1.0000000180025095e-35 2.5000000000000004 2.5000000000000004 3.5000000000000004 2.5000000000000004 1.0000000180025095e-35 1.0000000180025095e-35 5.5000000000000009 7.5000000000000009 14.500000000000002 31.000000000000004 3.5000000000000004 3.5000000000000004 4.5000000000000009 10.500000000000002 1.0000000180025095e-35 39.000000000000007 2.5000000000000004 13.000000000000002 3.5000000000000004 3.5000000000000004 1.5000000000000002 4.5000000000000009
decision_type=2 2 2 2 2 2 2 2 2 2 2 2 2 2 2 2 2 2 2 2 2 2 2 2 2 2 2 2 2 2
left_child=1 -1 3 -3 16 6 7 13 -9 10 -10 -11 -12 14 15 -4 17 18 24 20 21 -19 23 -22 -5 26 28 -27 -26 -30
right_child=-2 2 5 4 -6 -7 -8 8 9 11 12 -13 -14 -15 -16 -17 -18 19 -20 -21 22 -23 -24 -25 25 27 -28 -29 29 -31
leaf_value=0.6376533591222775 0.67859362503028353 0.64075779114438269 0.63678012009126472 0.63524203693442394 0.67273048220892084 0.67717616193061347 0.68385848797191551 0.6379021442033096 0.63770655753869654 0.62918491127035359 0.63662096769005161 0.60359493542205667 0.61253079694884949 0.64029294426246175 0.64887681060973457 0.69333524126685286 0.67613668899085533 0.6399208136044785 0.64070497504752311 0.64562429082567407 0.65307928923622138 0.57171690731515634 0.63427547495198988 0.5962478780838224 0.62331256414314884 0.64661360602674667 0.660166604734572 0.6048855438474372 0.65091724435267784 0.57473223790900008
leaf_weight=20295.829747021198 40.70110023021698 16534.369734078646 3192.5490786135197 2729.2348876595497 19.898315668106079 11.758095622062681 7.9141028225421897 3535.3427894413471 553.76108035445213 82.306669354438782 48.841320276260376 58.112126439809799 85.020076036453247 5195.9476788341999 128.43458294868469 4.522344470024108 10.175275057554243 3482.2052419185638 1594.804777354002 493.38778167963028 8.8185717165470106 4.522344470024108 71.45304262638092 28.943004608154297 132.9569274187088 362.46590927243233 18.993846774101257 9.4969233870506269 58.112126439809799 7.4618683755397788
leaf_count=89758 180 73123 14119 12070 88 52 35 15635 2449 364 216 257 376 22979 568 20 45 15400 7053 2182 39 20 316 128 588 1603 84 42 257 33
internal_value=0.638909 0.638882 0.63953 0.640105 0.638911 0.638389 0.638354 0.638326 0.636747 0.631817 0.634517 0.618595 0.62132 0.639134 0.637324 0.63686 0.638836 0.638794 0.637662 0.640154 0.639404 0.639832 0.625716 0.60952 0.6362 0.640637 0.632239 0.645548 0.629567 0.642248
internal_weight=58808.3 58767.6 38471.8 25567.3 9032.93 12904.5 12892.8 12884.8 4363.38 828.041 687.622 140.419 133.861 8521.45 3325.51 3197.07 9013.03 9002.86 4913.53 4089.33 3595.94 3486.73 109.215 37.7616 3318.72 589.488 217.525 371.963 198.531 65.574
internal_count=260079 259899 170141 113071 39948 57070 57018 56983 19297 3662 3041 621 592 37686 14707 14139 39860 39815 21730 18085 15903 15420 483 167 14677 2607 962 1645 878 290
is_linear=0
shrinkage=1


Tree=1
num_leaves=31
num_cat=0
split_feature=2 4 0 14 17 0 4 1 0 10 14 14 7 9 9 4 3 8 1 1 14 6 14 11 9 14 3 15 11 17
split_gain=10.0895 9.16356 9.68034 11.0214 7.56138 11.2006 10.1711 7.12441 6.74399 6.70101 10.3765 6.47645 6.89172 6.45201 6.68306 6.65424 6.78363 6.17661 5.99707 9.35311 5.95403 5.79649 6.05745 6.28338 5.63469 5.48787 8.70538 5.67266 9.48106 5.20309
threshold=1.5000000000000002 1.0000000180025095e-35 3.5000000000000004 1.0000000180025095e-35 3.5000000000000004 6.5000000000000009 1.0000000180025095e-35 12.500000000000002 14.500000000000002 1.0000000180025095e-35 17.000000000000004 31.000000000000004 4.5000000000000009 4.5000000000000009 1.5000000000000002 7.5000000000000009 1.0000000180025095e-35 1.0000000180025095e-35 11.500000000000002 9.5000000000000018 19.000000000000004 1.0000000180025095e-35 53.000000000000007 1.0000000180025095e-35 1.5000000000000002 57.000000000000007 2.5000000000000004 3.5000000000000004 1.5000000000000002 7.5000000000000009
decision_type=2 2 2 2 2 2 2 2 2 2 2 2 2 2 2 2 2 2 2 2 2 2 2 2 2 2 2 2 2 2
left_child=4 9 -3 -4 6 -6 18 8 13 11 -11 12 29 14 15 -8 -17 -16 19 21 -18 22 23 -1 -13 27 -27 -19 -29 -2
right_child=1 2 3 -5 5 -7 7 -9 -10 10 -12 24 -14 -15 17 16 20 25 -20 -21 -22 -23 -24 -25 -26 26 -28 28 -30 -31
leaf_value=-0.0015381122751521911 -0.00068040761154017295 -0.0019824521538788064 0.030228775825655908 0.0019953007673103123 0.0033141977311097605 -0.044250891687894242 0.0012781936923203642 -0.047176242421210837 -0.048878647447474187 0.026454018745905406 -0.04520376771171012 0.0029854751175800126 -0.058202510383977848 0.023381438440564794 -0.00050086058767438441 0.0055875827278529782 -0.0022066966799959625 -0.010899430382822949 0.055335216222105903 -0.065170593475515168 -0.039364412754376965 -0.0023682102717829676 0.0041104099946952391 0.0015972699580111762 -0.0040644970417390083 -0.034095463005500634 0.050166769898897429 0.024757773978855438 -0.046825408014880207 0.044702841642565688
leaf_weight=4861.8443985134363 3929.5766370147467 12766.755505591631 35.732415273785591 1058.9224970042706 2650.0981280654669 12.434796795248984 20620.879129678011 7.6881189048290244 6.7846612483263007 7.0093822926282909 18.091553643345833 2992.1354668140411 5.2008126825094214 32.093898996710777 1814.7444710582495 28.257012963294983 17.180743277072906 316.03910948336124 4.7486889064311972 5.6519152075052252 28.941605716943741 4085.5171294659376 787.28741340339184 2380.1908969283104 313.07876159250736 4.5241254568099967 9.5053775906562787 25.12833167612553 5.669285148382186 6.3257082700729361
leaf_count=21500 17371 56446 158 4682 11723 55 91204 34 30 31 80 13232 23 142 8025 125 76 1397 21 25 128 18069 3482 10530 1384 20 42 111 25 28
internal_value=3.3133e-05 -0.000841442 -0.00159554 0.00291692 0.00052331 0.00309206 0.000328138 0.000947747 0.000963897 0.00059609 -0.0251935 0.000685424 -0.000683473 0.000978662 0.000947225 0.00122435 -0.013704 -0.00168887 -0.000842962 -0.000864972 -0.025523 -0.000834971 -5.48217e-05 -0.000507627 0.00231768 -0.0076632 0.0229945 -0.0089033 0.0115806 -0.000607469
internal_weight=58838 21132.8 13861.4 1094.65 37705.2 2662.53 35042.7 22917.4 22909.7 7271.42 25.1009 7246.32 3941.1 22903 22870.9 20695.3 74.3794 2175.61 12125.2 12120.5 46.1223 12114.8 8029.32 7242.04 3305.21 360.866 14.0295 346.837 30.7976 3935.9
internal_count=260199 93435 61286 4840 166764 11778 154986 101359 101325 32149 111 32038 17422 101295 101153 91533 329 9620 53627 53606 204 53581 35512 32030 14616 1595 62 1533 136 17399
is_linear=0
shrinkage=0.05


Tree=2
num_leaves=31
num_cat=0
split_feature=5 1 8 5 13 17 1 16 2 13 8 15 9 14 2 0 2 13 1 5 17 0 0 14 0 1 1 8 5 11
split_gain=16.2441 10.4762 10.3932 9.14393 11.117 8.21984 7.49355 6.6383 6.6331 6.31151 7.76075 6.57558 6.31119 8.20609 8.17975 8.64811 9.68411 9.01266 7.30526 6.25432 6.3676 5.86254 5.76197 5.75411 9.03298 9.21596 7.71615 5.5747 6.59548 5.36177
threshold=1.5000000000000002 16.500000000000004 1.5000000000000002 7.5000000000000009 2.5000000000000004 1.0000000180025095e-35 3.5000000000000004 7.5000000000000009 8.5000000000000018 1.0000000180025095e-35 2.5000000000000004 2.5000000000000004 1.5000000000000002 39.000000000000007 2.5000000000000004 5.5000000000000009 1.0000000180025095e-35 3.5000000000000004 4.5000000000000009 1.0000000180025095e-35 6.5000000000000009 3.5000000000000004 7.5000000000000009 49.000000000000007 3.5000000000000004 4.5000000000000009 7.5000000000000009 1.0000000180025095e-35 8.5000000000000018 1.0000000180025095e-35
decision_type=2 2 2 2 2 2 2 2 2 2 2 2 2 2 2 2 2 2 2 2 2 2 2 2 2 2 2 2 2 2
left_child=1 2 12 5 27 6 7 -2 -7 10 -4 22 19 21 15 17 -17 -15 -19 23 -21 -14 -11 -1 26 -26 -25 -5 -29 -12
right_child=3 -3 9 4 -6 8 -8 -9 -10 11 29 -13 13 14 -16 16 -18 18 -20 20 -22 -23 -24 24 25 -27 -28 28 -30 -31
leaf_value=-0.00036765942566788088 0.00026320236838317984 -0.060630787191919291 -0.011725650184289045 0.0094967103503771667 0.028667637598428941 0.0017581936327237483 -0.0054786942604749559 -0.036311119616803743 0.042124057768741188 -0.0013941629443414416 0.0056982568367944502 -0.00753808516782684 -0.0033773944870236754 -0.0023439885990351591 0.013109359441838747 0.0057450467060279828 -0.083522796742489955 0.011554464705542179 -0.048530261845363076 0.00059355953828031357 0.019303349108693985 -0.012858514755070006 0.045595154911822609 -0.0018941116365946084 -0.014625366098785203 0.039580914602361551 -0.059180842079788611 -0.054024620958244375 0.001597256228479677 -0.020736958248629075
leaf_weight=13862.829865634441 7227.7340668588877 7.2725110352039328 398.66584204137325 51.812024906277657 66.446404978632927 13073.09554810822 631.51729959249496 12.42769907414913 10.185122534632681 2633.6625098139048 125.80118246376514 498.67564080655575 2077.6327212154865 740.68318493664265 127.0041631758213 5.6569647043943387 6.5628015547990799 183.44891393184662 5.2022545188665381 14125.847119063139 45.622420772910118 176.92937149107456 6.5401774644851676 2452.0661858767271 211.46235872805119 8.1431315243244153 5.8921617716550818 8.8180635124444979 13.472084268927572 22.632367521524429
leaf_count=61281 31966 32 1762 230 295 57835 2793 55 45 11640 556 2203 9182 3274 561 25 29 811 23 62489 202 782 29 10842 935 36 26 39 60 100
internal_value=-4.42401e-06 -0.000625726 -0.000614157 0.00110674 0.0138175 0.00102149 -0.000255193 0.000200423 0.00178962 -0.00313613 -0.00809194 -0.00227234 -0.000341028 -0.0024109 0.00119819 -0.000408484 -0.0421975 0.000140998 0.00989757 -0.000117062 0.000653792 -0.00412144 -0.00127776 -0.000777514 -0.0028995 -0.0126154 -0.00203144 0.0005016 -0.020407 0.00166755
internal_weight=58823.7 37728.2 37721 21095.5 140.549 20955 7871.68 7240.16 13083.3 3685.98 547.099 3138.88 34035 3323.12 1068.56 941.554 12.2198 929.334 188.651 30711.9 14171.5 2254.56 2640.2 16540.4 2677.56 219.605 2457.96 74.1022 22.2901 148.434
internal_count=260138 166820 166788 93318 624 92694 34814 32021 57880 16290 2418 13872 150498 14687 4723 4162 54 4108 834 135811 62691 9964 11669 73120 11839 971 10868 329 99 656
is_linear=0
shrinkage=0.05


Tree=3
num_leaves=31
num_cat=0
split_feature=5 5 9 6 5 8 14 0 15 2 11 5 3 0 14 3 16 2 0 7 3 11 7 6 8 4 0 14 16 1
split_gain=16.8829 15.447 9.69889 8.07206 6.87156 5.69695 7.90559 9.07038 7.22119 6.0171 5.31704 6.42547 8.80254 6.73584 7.5109 9.53949 5.97459 5.9223 7.03866 6.67882 8.16874 5.46666 11.1302 5.84668 7.61954 6.59756 5.77405 5.63013 5.24905 5.60477
threshold=1.0000000180025095e-35 10.500000000000002 1.0000000180025095e-35 5.5000000000000009 2.5000000000000004 2.5000000000000004 47.000000000000007 2.5000000000000004 2.5000000000000004 8.5000000000000018 2.5000000000000004 3.5000000000000004 1.0000000180025095e-35 3.5000000000000004 19.000000000000004 2.5000000000000004 3.5000000000000004 1.5000000000000002 4.5000000000000009 4.5000000000000009 1.0000000180025095e-35 1.5000000000000002 1.0000000180025095e-35 1.0000000180025095e-35 1.0000000180025095e-35 4.5000000000000009 1.5000000000000002 57.000000000000007 3.5000000000000004 2.5000000000000004
decision_type=2 2 2 2 2 2 2 2 2 2 2 2 2 2 2 2 2 2 2 2 2 2 2 2 2 2 2 2 2 2
left_child=3 2 10 -1 5 9 7 8 -7 -4 11 17 -13 -14 -15 16 -16 18 19 21 -21 -2 26 25 28 -24 -23 -28 29 -25
right_child=1 -3 4 -5 -6 6 -8 -9 -10 -11 -12 12 13 14 15 -17 -18 -19 -20 20 -22 22 23 24 -26 -27 27 -29 -30 -31
leaf_value=-0.0011771670686200821 0.0017536325392193707 0.032555881218772974 -0.0010945533147558647 -0.055652315550061317 0.0013397368549716748 -0.0044814098370003566 -0.027333232788296087 0.018498361082806201 -0.032124157865928621 0.055232556579865977 -0.0025133677234224342 0.00082149838953664658 0.0080824805727164311 -0.0262151748531219 0.0020975159352730785 0.052970719928948799 -0.051425171771763784 -0.00010326896703761292 0.0075793845921131421 0.0025883564122690245 -0.057024595769849022 0.0046477654103656346 -0.010856974157502133 -0.0099097902535291368 0.026414603092574186 -0.050233968916356703 -0.0056158620399399265 0.035538062085403152 -0.034318498240650787 0.014944234969688087
leaf_weight=20314.930273845792 12612.967166796327 37.746830657124519 9169.7523466199636 6.8025728017091742 3464.9141364097595 129.6962388753891 46.676900029182434 35.328283190727234 28.888107970356941 4.7436989843845359 969.41622406244278 1232.9368087649345 1036.4764290899038 30.723392114043236 46.513556286692619 8.5809105634689313 5.8722763508558264 7875.6089766323566 476.33410930633545 12.202545553445818 10.86192613840103 544.45716391503811 274.8418977111578 64.376687601208687 23.044520616531372 11.065763607621191 260.6491040289402 8.5843816548585874 13.556861177086828 35.023897096514702
leaf_count=89769 55837 170 40544 30 15326 573 206 156 127 21 4292 5459 4589 136 206 38 26 34819 2108 54 48 2411 1217 285 102 49 1154 38 60 155
internal_value=-2.9613e-05 0.000586184 0.000554786 -0.0011954 -0.000563994 -0.0012646 -0.00885967 -0.00441288 -0.00951688 -0.00106543 0.00111868 0.0012619 0.00374183 0.00693337 -0.00605629 0.00410252 -0.0039022 0.000998426 0.00160315 0.00139793 -0.0254856 0.00144271 -0.00173123 -0.0083215 0.000212546 -0.012381 0.00168591 -0.00430369 -0.00513295 -0.00115245
internal_weight=58793.6 38471.8 38434.1 20321.7 12880 9415.09 240.59 193.913 158.584 9174.5 25554.1 24584.7 2361.1 1128.17 91.6901 60.9667 52.3858 22223.6 14348 13871.6 23.0645 13848.6 1235.6 421.91 136.002 285.908 813.691 269.233 112.957 99.4006
internal_count=260005 170206 170036 89799 56953 41627 1062 856 700 40565 113083 108791 10454 4995 406 270 232 98337 63518 61410 102 61308 5471 1868 602 1266 3603 1192 500 440
is_linear=0
shrinkage=0.05


Tree=4
num_leaves=31
num_cat=0
split_feature=5 5 0 1 16 8 5 2 17 6 8 4 16 14 10 16 14 0 0 10 7 14 15 14 7 13 14 2 0 17
split_gain=15.2092 11.7683 8.83246 8.05831 7.13891 6.97961 6.79768 7.39807 5.73071 8.20643 5.04925 9.51277 8.55038 9.69961 6.0762 6.9799 6.29567 5.89713 5.66553 4.79142 5.91943 6.48509 8.51618 5.69337 5.58345 5.24153 8.63448 5.65312 7.21489 5.16531
threshold=10.500000000000002 3.5000000000000004 8.5000000000000018 16.500000000000004 10.500000000000002 5.5000000000000009 1.0000000180025095e-35 13.500000000000002 6.5000000000000009 1.5000000000000002 1.0000000180025095e-35 6.5000000000000009 1.0000000180025095e-35 21.000000000000004 2.5000000000000004 1.5000000000000002 37.000000000000007 1.5000000000000002 7.5000000000000009 2.5000000000000004 1.5000000000000002 37.000000000000007 3.5000000000000004 57.000000000000007 1.5000000000000002 2.5000000000000004 41.000000000000007 2.5000000000000004 1.5000000000000002 1.5000000000000002
decision_type=2 2 2 2 2 2 2 2 2 2 2 2 2 2 2 2 2 2 2 2 2 2 2 2 2 2 2 2 2 2
left_child=1 3 4 5 19 6 7 -1 10 -10 -8 18 17 -14 15 -15 -16 -13 -12 20 23 -22 29 -3 25 26 -21 28 -27 -23
right_child=-2 2 -4 -5 -6 -7 8 -9 9 -11 11 12 13 14 16 -17 -18 -19 -20 24 21 22 -24 -25 -26 27 -28 -29 -30 -31
leaf_value=-0.00083737488175539298 0.031809225042881861 0.0014519980177266237 -0.067337295088673754 -0.046916132876473532 -0.050557790031201623 0.03054896086667603 0.00069173865829148589 -0.05059367746572372 0.013770876694445136 -0.028751475766938012 -0.00054619433651906702 -0.056556102818427684 0.032184654575210303 -0.043600634346315718 -0.0074991519049775806 0.03375460147844702 -0.084838313846578445 -0.0089568380820452907 0.025085155580193794 0.017239180592991472 0.0034385161884489483 0.0029102729441972579 0.047606601705480631 0.011940916973699247 -0.021070684219714086 0.048755858575513469 -0.026549874321615426 -0.012245684958851864 0.0082206426097361923 0.023254841899888801
leaf_weight=20371.966817498207 37.778000980615616 3906.9684046506882 4.5220833718776694 9.2025805711746198 6.3130840659141532 18.540204986929893 22396.733158260584 7.473451927304267 134.02296036481857 12.395879521965979 11166.477190285921 18.789788424968723 12.438014909625052 4.9892670810222643 4.7578223347663862 7.0181511044502258 5.8875875622034073 9.9541547894477826 21.601133778691292 40.647930920124054 264.91822171211243 70.890894323587418 19.191129460930824 133.80516491830349 11.295487150549887 29.114804804325104 15.569643065333365 7.9053894877433768 17.62167139351368 55.721979379653931
leaf_count=89988 172 17304 20 40 28 82 99125 33 595 55 49367 83 55 22 21 31 26 44 96 180 1173 314 85 593 50 129 69 35 78 247
internal_value=9.43007e-05 7.39198e-05 0.00250641 -0.000131823 0.00257537 -0.000123878 -0.000134375 -0.000855621 0.000300558 0.0101709 0.000257608 -0.000606522 -0.0198534 -0.00329145 -0.0227704 0.00161231 -0.0502726 -0.0400723 -0.000496707 0.00264871 0.00238062 0.00809956 0.0165684 0.00179933 0.0124181 0.0158303 0.00511166 0.026858 0.0334723 0.0118639
internal_weight=58824.5 58786.7 4584.49 54202.2 4579.96 54193 54174.5 20379.4 33795.1 146.419 33648.6 11251.9 63.8348 35.0908 22.6528 12.0074 10.6454 28.7439 11188.1 4573.65 4451.5 410.722 145.804 4040.77 122.155 110.859 56.2176 54.6419 46.7365 126.613
internal_count=260140 259968 20305 239663 20285 239623 239541 90021 149520 650 148870 49745 282 155 100 53 47 127 49463 20257 19716 1819 646 17897 541 491 249 242 207 561
is_linear=0
shrinkage=0.05


Tree=5
num_leaves=31
num_cat=0
split_feature=5 5 6 14 8 14 16 17 11 0 17 14 9 15 15 3 0 4 14 2 14 5 2 4 1 2 0 3 15 9
split_gain=13.8163 7.84107 8.66972 8.71523 8.40023 10.6878 13.2791 7.60784 7.17398 10.2298 6.9698 6.8717 6.78972 7.56075 6.60605 7.76101 6.59697 6.47826 9.67906 6.18936 9.63199 9.29021 7.91565 7.73379 6.50288 6.04012 5.84947 9.7532 9.30878 8.2174
threshold=7.5000000000000009 1.0000000180025095e-35 3.5000000000000004 51.000000000000007 1.0000000180025095e-35 49.000000000000007 2.5000000000000004 9.5000000000000018 3.5000000000000004 3.5000000000000004 1.0000000180025095e-35 45.000000000000007 1.0000000180025095e-35 6.5000000000000009 1.5000000000000002 5.5000000000000009 3.5000000000000004 4.5000000000000009 3.0000000000000004 4.5000000000000009 57.000000000000007 1.5000000000000002 5.5000000000000009 1.0000000180025095e-35 1.5000000000000002 1.0000000180025095e-35 2.5000000000000004 1.5000000000000002 1.5000000000000002 1.5000000000000002
decision_type=2 2 2 2 2 2 2 2 2 2 2 2 2 2 2 2 2 2 2 2 2 2 2 2 2 2 2 2 2 2
left_child=1 -1 3 4 8 7 26 -6 10 17 11 12 13 16 -14 -16 -3 18 -10 -5 21 -21 -23 -22 -24 -15 29 -28 -29 -7
right_child=-2 2 -4 19 5 6 -8 -9 9 -11 -12 -13 14 25 15 -17 -18 -19 -20 20 23 22 24 -25 -26 -27 27 28 -30 -31
leaf_value=-0.00095905810648118546 0.015733258297712851 0.0007193022889607877 -0.0094680799111339139 0.0025932141320646083 -0.00082426825251384758 -0.0050527432734651006 -0.02903037104252686 0.057542737368538481 -0.067294648191735737 0.030009835343124638 0.0013848529916458425 -0.0044668700147784532 -0.00018449559103522729 -0.049770845434640526 -0.0064812494387060304 0.017786661119392123 0.007511146122140374 0.036699048842836798 -0.012012561069099018 -0.031798502979972519 -0.014732958063046734 0.010149708199442817 -0.0051374247506273908 0.030064849670393023 -0.055918009922737724 -0.00038090518390058715 -0.0045084349938666786 -0.019548750223969392 -0.088780679863194101 0.02182097844021889
leaf_weight=20378.59775622189 136.9489226937294 4703.2961462885141 227.9140098541975 4785.3693008571863 10685.286402851343 259.09941628575325 68.755689099431038 5.5859024673700324 8.3570788502693159 15.129264295101164 13290.58164486289 944.30181391537189 1635.8307715207338 13.093083530664446 852.55807003378868 34.269559785723686 386.9412252753973 6.3202615529298773 150.6296750754118 47.548101261258125 15.369061350822447 42.987789139151573 16.530585050582889 25.819558203220367 10.191297098994253 11.741501420736311 37.731844201683998 11.985264331102373 8.1617370247840864 31.953972920775414
leaf_count=89994 615 20824 1009 21187 47242 1146 304 25 37 67 58862 4179 7230 58 3768 152 1714 28 667 210 68 190 73 114 45 52 167 53 36 141
internal_value=-0.000129564 -0.000166564 0.000254737 0.000312891 2.09271e-05 -0.00110032 -0.00894666 -0.000793772 0.000585724 -0.00934325 0.000667632 -0.000443093 5.43923e-05 0.00110132 -0.00206841 -0.00554347 0.00123559 -0.0129449 -0.0149184 0.0022713 -0.00745121 -0.0147576 -0.00313426 0.0133491 -0.0245043 -0.0264199 -0.00498925 -0.0195065 -0.0475952 -0.00210235
internal_weight=58848.9 58711.9 38333.3 38105.4 33161.6 11108.6 417.688 10690.9 22053.1 180.436 21872.6 8582.03 7637.73 5115.07 2522.66 886.828 5090.24 165.307 158.987 4943.82 158.446 117.258 69.7097 41.1886 26.7219 24.8346 348.932 57.8788 20.147 291.053
internal_count=260257 259642 169648 168639 146752 49114 1847 47267 97638 799 96839 37977 33798 22648 11150 3920 22538 732 704 21887 700 518 308 182 118 110 1543 256 89 1287
is_linear=0
shrinkage=0.05


Tree=6
num_leaves=31
num_cat=0
split_feature=5 5 9 17 16 2 2 2 16 16 14 16 6 0 1 16 6 17 15 1 17 9 14 15 1 13 13 16 13 14
split_gain=18.4126 9.46406 6.72052 6.77548 5.47716 5.7482 7.43935 5.40104 5.2565 4.9904 4.54731 6.44572 5.6886 6.07715 5.28421 5.70853 4.58175 4.45081 4.44102 4.17204 5.89502 5.07384 5.68627 7.29141 5.53161 10.8145 8.25292 8.95737 7.58137 5.59458
threshold=10.500000000000002 1.0000000180025095e-35 1.0000000180025095e-35 6.5000000000000009 1.0000000180025095e-35 14.500000000000002 10.500000000000002 4.5000000000000009 3.5000000000000004 8.5000000000000018 23.000000000000004 7.5000000000000009 5.5000000000000009 9.5000000000000018 8.5000000000000018 1.0000000180025095e-35 1.5000000000000002 9.5000000000000018 4.5000000000000009 1.5000000000000002 6.5000000000000009 1.5000000000000002 15.000000000000002 5.5000000000000009 3.5000000000000004 2.5000000000000004 1.5000000000000002 1.0000000180025095e-35 4.5000000000000009 5.0000000000000009
decision_type=2 2 2 2 2 2 2 2 2 2 2 2 2 2 2 2 2 2 2 2 2 2 2 2 2 2 2 2 2 2
left_child=1 10 3 4 5 6 -3 9 -9 17 19 12 13 14 16 -16 -12 -4 -18 -1 21 22 -21 -24 28 26 -26 -28 29 -23
right_child=-2 2 7 -5 -6 -7 -8 8 -10 -11 11 -13 -14 -15 15 -17 18 -19 -20 20 -22 24 23 -25 25 -27 27 -29 -30 -31
leaf_value=0.00076412663880153615 0.036083543969850758 -0.00020997550221320824 -0.00042333056032344614 0.012529357590192608 0.0013222815661426484 0.049529794963328634 -0.063892281623171995 -0.0076500774731721359 0.011999359436316149 0.033688909145881497 -0.0012864063915665924 0.041660571161090121 -0.055786095081187217 0.03568804387411241 -0.073630744359323638 -0.005352579075624992 -0.0041363134898361837 0.0420441448942111 -0.024590936292252466 0.00093060717845520023 -0.049720517784506979 -0.01444473539010838 -0.0034772412487413581 -0.05927515279903002 -0.02013420528171711 -0.0015555588448718204 -0.12357371804380153 -0.039408317421472772 -0.024282149108492697 0.0052390101556198682
leaf_weight=5349.4391705542803 35.188528388738632 9028.2699780911207 12420.0036059618 123.25595358014107 16417.098203629255 5.8046800941228858 4.5883696228265753 404.75549557805061 37.160661995410919 10.744029417634009 10742.455284550786 8.6056337505578977 4.8466161340475074 10.913613200187681 5.280578672885893 7.2838928997516632 1108.4010781943798 6.1727896779775611 27.187175527215004 1757.9656899124384 6.3386428952217093 48.30448517203331 982.33459816873074 5.8899554014205924 20.651474893093109 39.004761949181557 4.9928255677223197 8.6171895265579206 37.64873805642128 142.86124777793884
leaf_count=23617 163 39976 54920 549 72700 26 20 1786 164 48 47428 38 21 48 23 32 4892 28 120 7762 28 213 4337 26 91 172 22 38 166 630
internal_value=-7.38231e-05 -9.54698e-05 0.000365704 0.000834707 0.000778081 -0.00021036 -0.000242324 -0.000565796 -0.00599776 -0.000372784 -0.000968334 -0.00159653 -0.00162779 -0.00160574 -0.00163997 -0.0340484 -0.00160569 -0.000402235 -0.00462602 -7.7702e-05 -0.00155197 -0.00145181 -0.000775244 -0.0038098 -0.00760238 -0.0195594 -0.0400558 -0.0702843 -0.00377374 0.000265246
internal_weight=58812.1 58776.9 38457.9 25579 25455.8 9038.66 9032.86 12878.8 441.916 12436.9 20319 11915 11906.4 11901.5 11890.6 12.5645 11878 12426.2 1135.59 8404.05 3054.61 3048.27 2746.19 988.225 302.081 73.2663 34.2615 13.61 228.814 191.166
internal_count=260084 259921 170217 113271 112722 40022 39996 56946 1950 54996 89704 52602 52564 52543 52495 55 52440 54948 5012 37102 13485 13457 12125 4363 1332 323 151 60 1009 843
is_linear=0
shrinkage=0.05


Tree=7
num_leaves=31
num_cat=0
split_feature=9 13 17 2 10 14 1 11 6 2 2 1 11 16 15 8 8 14 7 11 16 17 14 9 16 10 4 16 14 0
split_gain=6.9631 6.47924 7.81499 6.85956 8.4475 6.93326 7.51977 7.66753 5.94414 5.86132 5.89386 11.0847 9.01172 6.57121 5.5708 5.49847 6.71293 6.57249 5.92632 9.60963 9.81979 8.05673 11.4968 7.59689 6.68276 6.98109 6.52093 6.57377 5.86324 5.47871
threshold=1.0000000180025095e-35 4.5000000000000009 6.5000000000000009 1.5000000000000002 1.0000000180025095e-35 1.0000000180025095e-35 2.5000000000000004 1.0000000180025095e-35 1.5000000000000002 5.5000000000000009 6.5000000000000009 1.0000000180025095e-35 1.5000000000000002 2.5000000000000004 3.5000000000000004 5.5000000000000009 2.5000000000000004 57.000000000000007 1.5000000000000002 1.5000000000000002 4.5000000000000009 2.5000000000000004 29.000000000000004 1.5000000000000002 1.5000000000000002 1.0000000180025095e-35 1.0000000180025095e-35 1.5000000000000002 3.0000000000000004 2.5000000000000004
decision_type=2 2 2 2 2 2 2 2 2 2 2 2 2 2 2 2 2 2 2 2 2 2 2 2 2 2 2 2 2 2
left_child=1 2 3 -1 5 6 -5 -8 -3 -6 12 -12 -11 -13 -10 16 18 29 -2 26 21 22 23 -21 25 -24 27 28 -20 -18
right_child=15 8 -4 4 9 -7 7 -9 14 10 11 13 -14 -15 -16 -17 17 -19 19 20 -22 -23 24 -25 -26 -27 -28 -29 -30 -31
leaf_value=0.00061572702556973074 -0.00040755294659021359 0.0034145923499752278 0.012140480196338857 -0.012145222554564936 -0.0022719091139645352 0.00032794890987593707 -0.0032539074089196008 0.044212480161770012 -0.0065958642963577915 -0.01524370562966991 0.029966643411781013 -0.0066065408156734968 -0.069020817850107316 -0.060672355447025698 0.018880195081548288 0.042214511371744486 -0.0079561759999986024 -0.035751152363558615 -0.019421009406095421 0.0033736450661105556 0.063060857767776299 0.027115978949427993 -0.043018912989243735 0.039605725565110605 0.0043201792451604938 0.001362433408456512 -0.0068113619262872771 -0.0077065816911081001 0.0051368062218291434 0.0063253192721360223
leaf_weight=23276.498458176851 17436.021700963378 2506.845561593771 135.35798814892769 202.55997560918331 4136.4274501949549 8309.3829067647457 26.944683685898781 12.434021562337874 247.19939947128296 83.348669916391373 20.385055348277092 39.130648046731949 8.5934702008962613 6.5625791251659384 23.497939482331276 7.4182463139295569 387.14199854433537 18.643682658672333 26.050336718559265 49.977978959679604 7.660133257508277 33.614611148834229 26.409488052129745 20.36149588227272 26.411506235599518 13.334361672401426 1099.3065364956856 197.68506118655205 362.7967577278614 81.247093886137009
leaf_count=103035 77044 11094 604 895 18275 36728 119 55 1094 368 90 173 38 29 104 33 1705 82 115 221 34 149 117 90 117 59 4855 873 1602 359
internal_value=-6.0265e-05 0.000327095 0.000148801 0.000103866 -0.000823625 8.50138e-05 -0.00825859 0.0117338 0.00265451 -0.00263295 -0.0120838 -0.000693324 -0.02027 -0.0143716 -0.00438441 -0.000824163 -0.000840298 -0.00663772 -0.000693998 -0.003374 0.0076827 0.00518898 -0.000210983 0.0138619 -0.0151739 -0.0281286 -0.00453991 -0.00028265 0.00349159 -0.0054789
internal_weight=58829.2 39035.2 36257.6 36122.3 12845.8 8551.32 241.939 39.3787 2777.54 4294.45 158.02 66.0783 91.9421 45.6932 270.697 19794.1 19786.7 487.033 19299.6 1863.61 177.77 170.109 136.495 70.3395 66.1554 39.7438 1685.84 586.532 388.847 468.389
internal_count=260156 172701 160409 159805 56770 37797 1069 174 12292 18973 698 292 406 202 1198 87455 87422 2146 85276 8232 787 753 604 311 293 176 7445 2590 1717 2064
is_linear=0
shrinkage=0.05


Tree=8
num_leaves=31
num_cat=0
split_feature=5 5 9 10 1 2 14 5 4 11 7 1 16 15 1 4 6 14 2 17 15 14 8 8 2 4 16 14 17 7
split_gain=13.3258 8.93132 5.29426 6.82694 6.41954 6.07173 6.07638 6.04583 5.35663 6.71189 11.0446 5.3557 5.08911 4.96091 4.92972 4.903 8.1536 9.27722 8.63735 7.03481 5.86216 5.75339 6.18296 5.96487 5.79736 5.73319 5.39894 5.14602 7.94539 7.10147
threshold=3.5000000000000004 10.500000000000002 1.0000000180025095e-35 1.5000000000000002 9.5000000000000018 4.5000000000000009 53.000000000000007 1.0000000180025095e-35 3.5000000000000004 1.5000000000000002 1.0000000180025095e-35 8.5000000000000018 6.5000000000000009 9.5000000000000018 1.5000000000000002 2.5000000000000004 2.5000000000000004 51.000000000000007 3.5000000000000004 1.0000000180025095e-35 1.0000000180025095e-35 33.000000000000007 2.5000000000000004 1.0000000180025095e-35 5.5000000000000009 1.0000000180025095e-35 1.5000000000000002 37.000000000000007 3.5000000000000004 1.5000000000000002
decision_type=2 2 2 2 2 2 2 2 2 2 2 2 2 2 2 2 2 2 2 2 2 2 2 2 2 2 2 2 2 2
left_child=2 -2 3 4 7 8 -7 11 12 -10 14 15 -5 -4 -11 21 17 -17 -19 26 -21 24 23 27 -1 -26 -18 -23 29 -29
right_child=1 -3 13 5 -6 6 -8 -9 9 10 -12 -13 -14 -15 -16 16 19 18 -20 20 -22 22 -24 -25 25 -27 -28 28 -30 -31
leaf_value=0.00031358694525218515 0.002383255805907068 0.027465390633963395 -0.00090097340871035702 -0.00011518766471442769 -0.023504085014465239 -0.01003033884816068 -0.053198263158447473 0.000904916239436039 -0.0031116957263729443 0.0011338674144077496 -0.04339910461551192 -0.052124193356607784 0.039506945931423995 -0.04778876281534819 -0.037089020177777758 0.004535135519638701 -0.016389286751761913 -0.0042733802248877684 -0.042923041147235018 -0.07277855210716401 -0.019976062830876232 -0.0060278255302068798 0.0091052636356810084 -0.0051578096335684886 -0.028109919947127859 -0.001040526488308058 0.048050613268923285 -0.0019059980828054876 0.011325036203432623 0.0073054696791275964
leaf_weight=6159.0370364040136 4584.9066627770662 35.768565535545349 18164.800082504749 1964.9834044873714 28.167247906327248 103.2136632502079 8.8510436713695508 20282.818732202053 1244.5520857572556 49.903089001774788 27.898995146155357 5.0227729529142371 8.1376847028732282 5.6430888026952735 10.151597663760183 1184.0844235271215 8.6079391688108426 160.72511541843414 15.88394522666931 7.7014849334955242 16.556575238704681 471.13721807301044 117.83125388622284 1428.7640530318022 35.812834143638611 43.102381110191345 5.2224522531032553 2152.3133281320333 138.09967577457428 231.76378005743027
leaf_count=27195 20329 168 80215 8692 123 455 39 89836 5504 221 123 22 36 25 45 5228 38 709 70 34 73 2080 520 6304 158 190 23 9499 610 1023
internal_value=1.37514e-07 0.00257742 -0.000220066 0.000131838 0.000355425 -0.00199385 -0.0134398 0.000376127 -0.00160582 -0.00405506 -0.0174037 -0.000504323 4.82247e-05 -0.000915535 -0.0053273 -0.00048303 0.00230199 0.00294067 -0.00774947 -0.0205147 -0.0367399 -0.000844478 -0.00219862 -0.00249982 0.000141048 -0.013325 0.00794367 -0.00123111 -0.000335099 -0.00101052
internal_weight=58701.5 4620.68 54080.8 35910.3 32492.7 3417.69 112.065 32464.5 3305.63 1332.51 87.9537 12181.7 1973.12 18170.4 60.0547 12176.6 1398.78 1360.69 176.609 38.0885 24.2581 10777.9 4539.91 4422.08 6237.95 78.9152 13.8304 2993.31 2522.18 2384.08
internal_count=259587 20497 239090 158850 143735 15115 494 143612 14621 5893 389 53776 8728 80240 266 53754 6175 6007 779 168 107 47579 20036 19516 27543 348 61 13212 11132 10522
is_linear=0
shrinkage=0.05


Tree=9
num_leaves=31
num_cat=0
split_feature=5 11 4 5 3 17 17 15 5 14 8 17 13 0 14 2 6 17 4 17 2 2 3 11 5 13 9 15 2 5
split_gain=9.77618 8.30413 7.18316 6.23576 5.54043 9.52435 7.37256 6.35037 9.13768 5.48796 5.47506 6.39033 5.58046 6.28048 7.11944 7.78866 7.13924 6.47574 5.55004 5.48122 7.02441 7.6991 8.48225 7.56252 5.84685 5.3939 5.24267 7.40578 5.56621 5.4403
threshold=3.5000000000000004 2.5000000000000004 6.5000000000000009 10.500000000000002 1.0000000180025095e-35 7.5000000000000009 2.5000000000000004 4.5000000000000009 6.5000000000000009 57.000000000000007 1.0000000180025095e-35 1.0000000180025095e-35 2.5000000000000004 1.5000000000000002 29.000000000000004 3.5000000000000004 4.5000000000000009 6.5000000000000009 1.0000000180025095e-35 3.5000000000000004 1.5000000000000002 1.0000000180025095e-35 1.5000000000000002 1.0000000180025095e-35 1.5000000000000002 1.5000000000000002 2.5000000000000004 4.5000000000000009 2.5000000000000004 2.5000000000000004
decision_type=2 2 2 2 2 2 2 2 2 2 2 2 2 2 2 2 2 2 2 2 2 2 2 2 2 2 2 2 2 2
left_child=10 3 -3 4 5 6 9 8 -8 -2 11 -1 13 19 17 16 -16 -15 -17 26 21 -21 23 -23 -24 -25 -13 28 29 -28
right_child=1 2 -4 -5 -6 -7 7 -9 -10 -11 -12 12 -14 14 15 18 -18 -19 -20 20 -22 22 24 25 -26 -27 27 -29 -30 -31
leaf_value=-0.00056408987534015771 0.0015507074897419251 -0.0019905518898982724 0.048140679094873608 0.028151410266734251 0.0046788251922677791 0.060105470709499523 -0.0071986157582624548 -0.036430052045500115 0.039422948565759404 0.022870775986972059 -0.00083205657854369718 0.00065665652421759016 0.0016689840047020333 -0.0035388280885822738 0.0010629814058081863 0.0018671244664240805 -0.045781329871060594 -0.042839084182845349 -0.031663555789183312 0.0029199348464718218 -0.0052732997375389652 0.028861197182248291 -0.0088376910626538161 -0.0076836995155547304 0.017683969608675604 0.025693256798678933 -0.012706287954974249 -0.06471817442842058 0.025233930464668004 0.019936920065336913
leaf_weight=14835.783011838794 932.66494290530682 1040.8846005499363 7.1949980407953253 25.295301407575607 2318.9417718499899 6.6732819825410834 236.66080103814602 17.337401017546654 10.998417869210241 31.19330108165741 18234.200972005725 6335.5946392118931 9734.7039324194193 1901.6822723299265 2131.3720636069775 20.12505416572094 8.1646766066551191 10.539968252182005 31.906921029090881 431.96663577854633 143.31033329665661 103.53540608286858 52.853967726230621 31.06339094042778 34.244867190718651 19.832963019609451 124.98272040486336 5.6630824953317633 12.67761082947254 14.215467378497122
leaf_count=65584 4138 4617 32 120 10293 30 1051 77 49 139 80516 28031 43081 8413 9429 89 36 47 141 1915 634 459 234 138 152 88 552 25 56 63
internal_value=6.20621e-05 0.00226793 -0.0016464 0.00341396 0.00323792 0.000533508 0.000210003 -0.0071761 -0.00512818 0.00224069 -0.000126221 0.000231446 0.00078952 3.94295e-05 -0.00152594 0.000419384 0.000884219 -0.00375545 -0.0186945 0.000918226 0.00477851 0.00691739 0.0140666 0.0211035 0.0015899 0.00532242 0.00043262 -0.00857726 -0.0064839 -0.00937263
internal_weight=58846.3 4627.84 1048.08 3579.77 3554.47 1235.53 1228.85 264.997 247.659 963.858 54218.4 35984.2 21148.4 11413.7 4103.79 2191.57 2139.54 1912.22 52.032 7309.94 816.808 673.497 241.531 154.432 87.0988 50.8964 6493.13 157.539 151.876 139.198
internal_count=260229 20546 4649 15897 15777 5484 5454 1177 1100 4277 239683 159167 93583 50502 18155 9695 9465 8460 230 32347 3620 2986 1071 685 386 226 28727 696 671 615
is_linear=0
shrinkage=0.05


Tree=10
num_leaves=31
num_cat=0
split_feature=5 8 5 11 4 10 3 16 14 16 8 11 15 14 15 14 3 9 14 5 13 6 0 16 4 10 3 1 14 16
split_gain=13.099 6.99389 6.8054 6.00717 7.52238 6.28711 5.23312 5.18924 6.67246 5.60872 5.0152 5.00087 4.83578 4.83191 4.87943 10.0091 4.72333 6.21938 4.30791 4.10708 5.38081 5.01377 4.296 4.17064 9.3787 9.231 6.22079 4.53425 6.11364 5.53815
threshold=3.5000000000000004 1.0000000180025095e-35 10.500000000000002 2.5000000000000004 6.5000000000000009 2.5000000000000004 2.5000000000000004 6.5000000000000009 13.000000000000002 4.5000000000000009 5.5000000000000009 1.5000000000000002 7.5000000000000009 23.000000000000004 1.5000000000000002 39.000000000000007 6.5000000000000009 1.5000000000000002 7.0000000000000009 7.5000000000000009 1.0000000180025095e-35 1.0000000180025095e-35 2.5000000000000004 3.5000000000000004 2.5000000000000004 1.0000000180025095e-35 1.5000000000000002 1.5000000000000002 37.000000000000007 2.5000000000000004
decision_type=2 2 2 2 2 2 2 2 2 2 2 2 2 2 2 2 2 2 2 2 2 2 2 2 2 2 2 2 2 2
left_child=1 -1 3 5 12 7 -4 9 -9 16 -3 13 -5 -11 15 -15 19 -18 -13 22 -21 -22 -2 27 25 26 -25 29 -29 -24
right_child=2 10 6 4 -6 -7 -8 8 -10 11 -12 18 -14 14 -16 -17 17 -19 -20 20 21 -23 23 24 -26 -27 -28 28 -30 -31
leaf_value=0.00020106210595884294 0.0035512779655362107 -0.0010262835185128182 0.015058055534498538 -0.0015566712485579445 0.052103358142391455 0.016516616408536727 0.063778815070891046 -0.056668419287346762 -0.0042274597953225294 0.017916115173214637 0.024835703738186929 -0.010342805813922084 0.04316748369282622 -0.054670545971524001 0.012214278494275302 0.0045254636443308243 -0.064074005533178588 -0.001058800092886963 0.028796256163231556 -0.023803190454115466 0.014192835981194633 0.055306823246731689 -0.0060593551587643053 0.0043739062163240718 0.034345052373425514 -0.075682985832783115 -0.050902745095348215 -0.00048209907458161085 0.018266537354147249 0.013030170456909549
leaf_weight=35889.527658388019 2655.4126468151808 18292.864554196596 31.159940555691719 1027.9335259497166 6.6380376219749442 88.611488625407219 6.6959055066108695 7.8989846259355536 26.13593465089798 43.008913964033127 18.765040680766106 8.1044324189424497 6.07972228527069 11.478777274489405 24.301771640777588 18.895838677883148 6.0711667388677624 11.028150275349615 53.055213421583176 6.5174202769994727 27.117791622877121 10.206025466322897 292.7049745619297 16.013606071472175 7.2008757889270774 7.8988450467586508 7.4613618552684775 124.64994555711746 66.773370936512947 43.661283046007156
leaf_count=158761 11798 80754 149 4553 30 395 32 35 116 191 84 36 27 51 108 84 27 49 236 29 122 46 1299 71 32 35 33 553 297 194
internal_value=1.36955e-05 -0.000204638 0.00256262 0.00238905 -0.000953099 0.00336486 0.0236757 0.00302956 -0.0163982 0.00322168 -0.000999781 0.0123977 -0.00129371 0.00537791 -0.00448475 -0.0178451 0.00277767 -0.0234325 0.0236098 0.00291491 0.0181155 0.0254353 0.00270807 -0.00124535 -0.0171163 -0.0289276 -0.0131954 -8.5384e-05 0.00605791 -0.00358148
internal_weight=58843.9 54201.2 4642.72 4604.86 1040.65 3564.21 37.8558 3475.6 34.0349 3441.56 18311.6 158.845 1034.01 97.6853 54.6764 30.3746 3282.72 17.0993 61.1596 3265.62 43.8412 37.3238 3221.78 566.364 38.5747 31.3738 23.475 527.79 191.423 336.366
internal_count=260227 239599 20628 20447 4610 15837 181 15442 151 15291 80838 706 4580 434 243 135 14585 76 272 14509 197 168 14312 2514 171 139 104 2343 850 1493
is_linear=0
shrinkage=0.05


Tree=11
num_leaves=31
num_cat=0
split_feature=5 0 5 13 1 11 2 3 6 14 10 15 14 8 3 4 4 16 4 14 4 10 10 16 14 15 4 14 14 13
split_gain=9.26666 7.80619 7.04131 6.22068 6.09678 5.79579 5.23607 5.69394 12.0718 5.48523 8.32983 13.5405 7.98228 7.41222 6.93722 6.80782 6.2355 5.84643 11.0894 8.74459 5.72445 6.86886 5.63286 7.17173 5.58262 5.45387 5.31641 5.59565 6.03022 6.79134
threshold=3.5000000000000004 8.5000000000000018 10.500000000000002 4.5000000000000009 21.500000000000004 2.5000000000000004 1.5000000000000002 1.5000000000000002 4.5000000000000009 31.000000000000004 2.5000000000000004 1.0000000180025095e-35 29.000000000000004 1.0000000180025095e-35 6.5000000000000009 6.5000000000000009 4.5000000000000009 1.0000000180025095e-35 3.5000000000000004 9.0000000000000018 1.0000000180025095e-35 1.0000000180025095e-35 1.0000000180025095e-35 2.5000000000000004 39.000000000000007 5.5000000000000009 1.0000000180025095e-35 41.000000000000007 15.000000000000002 3.5000000000000004
decision_type=2 2 2 2 2 2 2 2 2 2 2 2 2 2 2 2 2 2 2 2 2 2 2 2 2 2 2 2 2 2
left_child=3 2 5 4 6 -2 7 26 -9 12 14 13 17 24 20 -15 -14 25 -19 22 21 -11 23 -20 -12 -8 27 28 -1 -30
right_child=1 -3 -4 -5 -6 -7 9 8 -10 10 11 -13 16 15 -16 -17 -18 18 19 -21 -22 -23 -24 -25 -26 -27 -28 -29 29 -31
leaf_value=0.0010378250372458206 0.0030519170654950954 -0.062843802841470467 0.024677393693022694 0.001806252486703702 -0.048372005588161224 -0.0011989619783739488 -0.0033181287355285843 -0.00072616545460818776 -0.046240109912822479 0.0019588565154227142 -0.045189063796114669 -0.00083940141145975042 -0.0063929232519908648 -0.032141397918483548 0.018200855968175816 -0.09229216907561523 -0.034641097333373713 -0.0010648893689265552 -0.019580512503837976 0.0025067020447951298 -0.00088717514863231373 -0.037998885321562266 0.022906309971657973 0.047278636023748932 0.0082652883760603712 0.016745555896775063 0.0011894854724283485 0.0015733789199590016 -0.0015107414233440657 -0.0071206660198723975
leaf_weight=1661.7849086374044 3551.0580738335848 4.6086406558752051 34.771161377429962 3837.8014007508755 6.5898350775241843 1035.7290513068438 3183.8831689655781 11539.093690514565 14.58721551299095 3011.9635705500841 6.5706322789192226 144.90865467488766 592.35874466598034 42.693803787231445 53.053953424096107 5.2864405363798133 20.202014073729515 4989.1497337818146 17.676785141229633 282.68933579325676 5560.6824299991131 10.793852269649504 108.07816928625107 5.1880987137556067 19.032899394631386 34.234853163361549 13468.861142456532 2263.8285461068153 2659.5688969641924 676.76910971105099
leaf_count=7353 15796 20 168 16978 28 4587 14047 51003 64 13310 29 638 2614 188 234 23 89 22021 78 1247 24533 47 477 23 84 151 59621 10016 11764 2994
internal_value=4.90721e-05 0.0021971 0.00226196 -0.000134212 -0.000282032 0.00209204 -0.000275741 0.000105832 -0.00078363 -0.000956777 -6.76683e-05 -0.00970917 -0.00180944 -0.0271764 0.00017625 -0.0387688 -0.00732454 -0.00141757 -0.000412646 0.00745458 6.48401e-05 0.00181617 0.0181364 -0.00441001 -0.0054527 -0.00310469 0.000601547 -0.000488913 -0.001423 -0.0026487
internal_weight=58843.5 4626.17 4621.56 54217.3 50379.5 4586.79 50372.9 32284.5 11553.7 18088.4 8854.99 218.492 9233.46 73.5838 8636.49 47.9802 612.561 8620.9 5402.78 413.632 8583.44 3022.76 130.943 22.8649 25.6035 3218.12 20730.8 7261.95 4998.12 3336.34
internal_count=260225 20571 20551 239654 222676 20383 222648 142815 51067 79833 39086 962 40747 324 38124 211 2703 38044 23846 1825 37890 13357 578 101 113 14198 91748 32127 22111 14758
is_linear=0
shrinkage=0.05


Tree=12
num_leaves=31
num_cat=0
split_feature=5 17 16 14 8 0 13 1 14 14 2 4 5 15 15 15 14 3 0 1 11 4 6 1 0 14 17 0 4 5
split_gain=9.15939 8.74785 11.9669 11.2677 7.85156 7.81302 13.8431 9.01176 8.4725 7.34533 7.08178 7.34117 6.95436 9.13512 7.03829 6.75597 7.8965 6.94039 6.45927 7.10888 8.89199 7.01144 10.0837 6.94281 6.58451 6.54706 11.8153 9.4333 8.57714 8.42803
threshold=10.500000000000002 1.0000000180025095e-35 1.0000000180025095e-35 1.0000000180025095e-35 1.5000000000000002 4.5000000000000009 3.5000000000000004 2.5000000000000004 47.000000000000007 41.000000000000007 7.5000000000000009 1.0000000180025095e-35 3.5000000000000004 4.5000000000000009 1.5000000000000002 1.5000000000000002 23.000000000000004 1.0000000180025095e-35 5.5000000000000009 1.5000000000000002 2.5000000000000004 2.5000000000000004 1.0000000180025095e-35 1.5000000000000002 1.0000000180025095e-35 35.000000000000007 5.5000000000000009 3.5000000000000004 3.5000000000000004 1.0000000180025095e-35
decision_type=2 2 2 2 2 2 2 2 2 2 2 2 2 2 2 2 2 2 2 2 2 2 2 2 2 2 2 2 2 2
left_child=1 2 5 -4 18 8 -7 -8 9 -1 11 12 15 14 -14 -6 -17 -18 19 20 25 -20 23 -23 -21 28 27 29 -3 -27
right_child=-2 4 3 -5 10 6 7 -9 -10 -11 -12 -13 13 -15 -16 16 17 -19 21 24 -22 22 -24 -25 -26 26 -28 -29 -30 -31
leaf_value=-0.0024041461823072381 0.025717891660637607 0.00051331184943889001 -0.0075902195948435933 0.00056156707648212197 0.0030474879008367006 0.010648659391356056 -0.0032362116232151593 -0.039841925505555209 0.00075197600088114586 -0.0071136235618632889 0.018415674624320755 -0.0036694234211832825 0.0057200003814530534 -0.047789802373723995 0.033533170840551324 -0.013819097850509526 0.013903353866065319 -0.0052579463747849864 -0.0025481586621234767 0.0015666267338677515 -0.0048422475251145153 -0.023977642449564632 -0.012050664692295598 -0.10661666905569825 -0.00098712268783521522 -0.00037913657856308001 0.017438618797170822 0.0091539310673261817 0.0054449997979691758 0.0032994793392435843
leaf_weight=6932.8567126840353 34.836070612072945 10946.521093904972 437.95707969367504 13213.569687157869 679.20065632462502 286.4329731464386 83.465060278773308 21.054475337266922 1901.8338102549314 940.24126748740673 43.145257845520973 2193.156190469861 52.65230131149292 5.642879679799079 40.046239331364632 157.94868640601635 69.498557165265083 147.67288638651371 332.17194394767284 3848.1588969379663 543.56150710582733 4.9773278534412366 55.901144713163376 5.1936107873916626 7335.8822609335184 2361.5769532471895 135.22053079307079 500.52433057129383 958.86733359098434 4570.3384066820145
leaf_count=30625 170 48444 1936 58403 2997 1266 369 93 8404 4154 191 9669 234 25 178 696 307 651 1468 17032 2407 22 247 23 32463 10421 602 2214 4245 20263
internal_value=8.72141e-05 7.20305e-05 -0.000667105 0.000300048 0.000575185 -0.00196587 0.00496522 -0.0106101 -0.00224308 -0.00296657 -0.00171195 -0.0019715 0.00125911 0.0139756 0.0177354 7.29895e-05 -0.0053127 0.000873996 0.000820479 0.000901243 0.00146539 -0.00550703 -0.0203825 -0.0661758 -0.000108439 0.00164146 0.00279138 0.0025249 0.000910513 0.00204624
internal_weight=58840.1 58805.3 23817.4 13651.5 34987.9 10165.9 390.953 104.52 9774.93 7873.1 3388.96 3345.82 1152.66 98.3414 92.6985 1054.32 375.12 217.171 31598.9 31200.7 20016.6 398.244 66.0721 10.1709 11184 19473 7567.66 7432.44 11905.4 6931.92
internal_count=260219 260049 105250 60339 154799 44911 1728 462 43183 34779 14948 14757 5088 437 412 4651 1654 958 139851 138091 88596 1760 292 45 49495 86189 33500 32898 52689 30684
is_linear=0
shrinkage=0.05


Tree=13
num_leaves=31
num_cat=0
split_feature=17 8 2 13 14 4 1 14 0 5 1 6 8 9 1 13 15 7 14 9 14 2 13 14 9 0 2 8 5 17
split_gain=7.08776 7.30971 6.43173 14.4714 14.2214 14.4286 7.53457 6.34922 8.13019 6.23196 6.20152 6.11706 5.87866 5.76879 7.71707 7.04116 6.43194 6.6684 15.827 6.55681 7.14332 5.62626 7.40795 5.41213 5.92719 12.916 5.37877 6.53076 6.34638 5.31372
threshold=6.5000000000000009 5.5000000000000009 5.5000000000000009 2.5000000000000004 17.000000000000004 1.5000000000000002 1.0000000180025095e-35 23.000000000000004 1.0000000180025095e-35 3.5000000000000004 4.5000000000000009 4.5000000000000009 3.5000000000000004 1.5000000000000002 15.500000000000002 2.5000000000000004 1.0000000180025095e-35 2.5000000000000004 41.000000000000007 3.5000000000000004 9.0000000000000018 7.5000000000000009 4.5000000000000009 11.000000000000002 1.0000000180025095e-35 1.5000000000000002 1.0000000180025095e-35 1.5000000000000002 2.5000000000000004 3.5000000000000004
decision_type=2 2 2 2 2 2 2 2 2 2 2 2 2 2 2 2 2 2 2 2 2 2 2 2 2 2 2 2 2 2
left_child=1 2 9 7 21 -6 -7 23 29 13 26 12 -11 14 -1 -15 17 -17 -19 -18 -21 -5 -23 24 -4 -26 -2 28 -28 -9
right_child=10 -3 3 4 5 6 -8 8 -10 11 -12 -13 -14 15 -16 16 19 18 -20 20 -22 22 -24 -25 25 -27 27 -29 -30 -31
leaf_value=-5.6935461711748899e-06 -0.00096577844111362179 0.031421187650244223 -0.002302947580627102 -0.015084803604770644 0.019741136368195904 0.016397773641470416 -0.015466716610989376 -0.0064866801764788713 -0.021915945835192512 0.0017101585631622868 -0.039437176765363791 -0.051147569690576704 0.032976400040166866 -0.003508543189618601 -0.042759567015696318 -0.0026028852233765218 0.0012676332945625595 0.0022368724951148536 -0.086815825145782538 -0.014075474554898158 0.021080899512972026 0.031502989361208517 -0.030362872120719225 0.0052076446902654212 -0.060903234090701197 0.018481682029678811 0.011957125875012773 -0.0095350425409459778 0.035506793438887616 0.046554337808912827
leaf_weight=48064.839213192463 74.048506841063499 18.403561517596245 39.77577842772007 109.92913573980331 145.81427849829197 26.536289915442467 61.655751764774323 88.819243788719177 174.68688209354877 4488.0451587885618 6.5080025196075431 5.4584897607564917 15.084254577755926 2741.2392681092024 10.556914523243902 820.15563452243805 1460.011919260025 13.40616847574711 7.9469833821058264 17.661381721496582 79.433199867606163 15.591672495007517 7.0162196308374396 88.755332976579666 15.23748165369034 7.719596564769744 85.807099178433418 22.237055853009224 42.917549774050713 4.9870009571313849
leaf_count=212511 332 83 175 484 643 117 271 391 769 19972 29 24 67 12087 45 3619 6441 59 35 78 351 69 31 391 67 34 384 99 193 22
internal_value=-5.08267e-05 -8.53642e-05 -9.52741e-05 -0.00458623 0.00267351 0.0100855 -0.00587894 -0.0109222 -0.0155401 -3.40819e-05 0.00868039 0.00175077 0.00181489 -0.000185301 -1.50819e-05 -0.00177744 0.000200942 -0.00332107 -0.0309058 0.00210435 0.014686 -0.010413 0.0123033 -0.00273775 -0.013979 -0.0342091 0.0100721 0.0154863 0.0198087 -0.00366687
internal_weight=58760.3 58528.8 58510.4 786.525 366.543 234.006 88.192 419.981 268.493 57723.8 231.518 4508.59 4503.13 53215.3 48075.4 5139.85 2398.62 841.509 21.3532 1557.11 97.0946 132.537 22.6079 151.488 62.7329 22.9571 225.01 150.962 128.725 93.8062
internal_count=259873 258836 258753 3464 1615 1031 388 1849 1182 255289 1037 20063 20039 235226 212556 22670 10583 3713 94 6870 429 584 100 667 276 101 1008 676 577 413
is_linear=0
shrinkage=0.05


Tree=14
num_leaves=31
num_cat=0
split_feature=5 5 2 11 5 1 16 16 16 3 7 17 2 2 9 2 2 11 4 5 17 14 15 4 4 14 16 14 10 14
split_gain=8.73316 7.8684 6.60646 6.60742 8.49272 8.362 6.25171 5.92058 5.80047 5.77042 5.4355 5.24584 5.0077 4.64406 4.57962 6.08306 5.69714 4.59382 6.29779 6.10116 6.41116 5.99223 6.47853 7.61345 5.80281 5.39306 5.20075 5.18205 5.29695 4.75002
threshold=1.0000000180025095e-35 10.500000000000002 13.500000000000002 2.5000000000000004 3.5000000000000004 2.5000000000000004 8.5000000000000018 6.5000000000000009 4.5000000000000009 2.5000000000000004 4.5000000000000009 4.5000000000000009 12.500000000000002 4.5000000000000009 1.0000000180025095e-35 10.500000000000002 1.5000000000000002 1.5000000000000002 3.5000000000000004 1.5000000000000002 1.5000000000000002 15.000000000000002 3.5000000000000004 1.0000000180025095e-35 1.5000000000000002 1.0000000180025095e-35 1.0000000180025095e-35 51.000000000000007 3.5000000000000004 17.000000000000004
decision_type=2 2 2 2 2 2 2 2 2 2 2 2 2 2 2 2 2 2 2 2 2 2 2 2 2 2 2 2 2 2
left_child=12 2 3 4 6 7 10 -6 -3 -9 11 14 -1 -7 15 16 17 -2 19 -19 24 25 29 -24 -21 -22 -25 28 -20 -23
right_child=1 8 -4 -5 5 13 -8 9 -10 -11 -12 -13 -14 -15 -16 -17 -18 18 27 20 21 22 23 26 -26 -27 -28 -29 -30 -31
leaf_value=-0.00090965385322867842 0.0014235986185054679 0.03337191167666808 0.033927368432638869 -0.002984243644408894 0.0018962981303013741 0.0072552588364242741 0.028175457580660986 -0.010925276722841973 -0.020268204000864477 -0.071031145332623599 -0.016231694024044178 0.0038291553444944103 -0.036143849181282661 0.030630656945651414 -0.00073797714820483199 -0.052939235012617616 -0.00056129489325112308 -0.039763089405226895 -0.015307787491074832 -0.005881333032880816 -0.01583853052594424 -0.025304947243747856 0.016178824361878001 0.0022551277751513138 0.0035559109139619693 0.0199942659041282 -0.059503203514794836 0.016197839966793599 -0.069489735133803507 0.0054414397814365103
leaf_weight=20368.048694849014 12652.569185107946 28.947488948702812 14.627797082066534 1456.4427611678839 2898.7888466268778 588.9638988673687 19.961649969220161 25.1414287686348 6.1023800671100608 4.7471013814210883 50.341045796871185 972.22031256556511 10.089377701282499 22.043354392051697 10811.751548841596 5.3193044066429129 7627.2018226981163 9.9209469407796842 80.588496074080467 529.07505416870117 11.954130843281744 13.304647311568258 8.3399766534566897 4.7356160730123547 235.34353505074978 86.358659386634827 12.16789200901985 12.443194448947905 4.7782927304506293 224.94524256885052
leaf_count=89846 56123 143 66 6445 12918 2625 89 111 30 21 221 4319 44 98 47741 23 33704 44 356 2344 53 59 37 21 1043 383 54 55 21 998
internal_value=-9.04006e-05 0.000353398 0.000331775 0.000318967 0.000449299 0.00277804 0.000202305 0.00166802 0.0240329 -0.0204717 0.000185564 0.00021038 -0.000927099 0.00809857 0.00010156 0.000523366 0.000536585 0.0011396 -0.00177246 -0.000724394 -0.000380501 0.00510294 0.00117246 -0.0229136 -0.00297586 0.0156373 -0.0422012 -0.0139466 -0.0183406 0.00372446
internal_weight=58797.3 38419.1 38384.1 38369.4 36913 3539.68 33373.3 2928.68 35.0499 29.8885 33353.4 33303 20378.1 611.007 32330.8 21519 21513.7 13886.5 1233.96 1136.15 1126.22 361.806 263.493 25.2435 764.419 98.3128 16.9035 97.81 85.3668 238.25
internal_count=260035 170145 169972 169906 163461 15773 147688 13050 173 132 147599 147378 89890 2723 143059 95318 95295 61591 5468 5036 4992 1605 1169 112 3387 436 75 432 377 1057
is_linear=0
shrinkage=0.05


Tree=15
num_leaves=31
num_cat=0
split_feature=17 2 14 6 2 3 0 17 3 5 9 5 5 17 1 1 4 14 17 14 4 4 13 9 0 7 4 15 14 1
split_gain=7.8146 8.45653 8.92661 8.47195 6.20717 12.9687 8.77183 6.54895 5.9345 12.376 5.85936 5.81239 5.77565 6.18063 5.83571 6.10031 5.84714 8.19619 5.739 5.46717 5.35718 6.71569 5.19315 5.67749 6.94675 8.04901 6.90516 6.30111 8.91757 5.30874
threshold=1.0000000180025095e-35 7.5000000000000009 7.0000000000000009 1.0000000180025095e-35 1.5000000000000002 6.5000000000000009 6.5000000000000009 3.5000000000000004 7.5000000000000009 1.0000000180025095e-35 1.5000000000000002 10.500000000000002 2.5000000000000004 2.5000000000000004 4.5000000000000009 5.5000000000000009 1.0000000180025095e-35 25.000000000000004 1.5000000000000002 39.000000000000007 17.500000000000004 13.500000000000002 2.5000000000000004 1.0000000180025095e-35 1.5000000000000002 1.0000000180025095e-35 2.5000000000000004 1.0000000180025095e-35 23.000000000000004 6.5000000000000009
decision_type=2 2 2 2 2 2 2 2 2 2 2 2 2 2 2 2 2 2 2 2 2 2 2 2 2 2 2 2 2 2
left_child=11 3 -3 4 6 -6 7 8 22 -10 -9 20 13 14 -5 16 17 -16 -11 -14 21 -1 23 -2 29 26 27 28 -26 -25
right_child=1 2 -4 12 5 -7 -8 10 9 18 -12 -13 19 -15 15 -17 -18 -19 -20 -21 -22 -23 -24 24 25 -27 -28 -29 -30 -31
leaf_value=-0.00059148354769908559 0.001527349485518777 -0.045323757635315501 0.024740330657111856 -0.00057245960212560468 -0.00011462318790034762 0.026726840504225326 -0.037966297399563753 0.0055710555437840058 -0.074515462060880375 0.02584798304487217 -0.0044168225183773627 0.025324442877106258 3.9785356523084634e-05 -0.0032257044238150918 -0.024829355618669655 -0.0020142655246109778 0.021878203323555816 0.019160614935883738 -0.031252956675235255 0.0053279499208695562 0.039905224068619814 -0.036231597365592075 0.0025321338640388819 3.4046626044592847e-05 -0.015344466256874504 -0.016278603151001242 0.016081252717965878 -0.010758506863857535 0.01919756745552853 -0.036135143836721666
leaf_weight=23877.709533765912 4716.6402855366468 4.9429656565189353 56.616278022527695 6902.908744469285 8283.978160828352 45.247049644589424 13.897835791110991 1587.8357702642679 7.937815964221957 9.9273626208305377 161.80289949476719 21.644962951540947 1488.8730802983046 2445.4421008974314 19.243193298578262 96.064862325787544 88.762503147125244 23.544110536575317 7.9037873446941367 727.61195027828217 8.161347493529318 13.224912717938421 5903.2402971237898 1907.1236122995615 29.913262829184532 155.14298371970654 43.895175188779831 173.11423602700233 49.778130173683167 10.199301883578299
leaf_count=105483 20908 22 252 30503 36588 200 61 7061 35 44 717 108 6606 10816 85 424 392 104 35 3235 36 58 26159 8431 132 685 194 765 220 45
internal_value=0.000122448 0.000598904 0.0191145 0.000566245 0.00112276 3.11883e-05 0.00173797 0.00177535 0.00138925 -0.0225816 0.0046474 -0.000573921 -0.000524251 -0.00105662 -0.000312719 0.00756448 0.0145594 -0.000623467 0.000537575 0.00177575 -0.000597376 -0.000611212 0.0014368 0.000524271 -0.0014727 -0.00704991 -0.00222428 -0.00540271 0.00623174 -0.000158357
internal_weight=58882.3 34961.6 61.5592 34900 23107.6 8329.23 14778.4 14764.5 13014.8 25.769 1749.64 23920.7 11792.5 9575.97 7130.52 227.615 131.55 42.7873 17.8311 2216.49 23899.1 23890.9 12989 7085.81 2369.17 451.844 296.701 252.806 79.6914 1917.32
internal_count=260404 154719 274 154445 102280 36788 65492 65431 57653 114 7778 105685 52165 42324 31508 1005 581 189 79 9841 105577 105541 57539 31380 10472 1996 1311 1117 352 8476
is_linear=0
shrinkage=0.05


Tree=16
num_leaves=31
num_cat=0
split_feature=13 9 17 3 9 15 8 15 6 7 11 14 1 7 11 16 7 1 14 11 9 6 6 15 1 9 11 16 8 15
split_gain=5.09278 8.979 5.39245 13.6554 7.49296 6.167 6.19205 7.21505 8.57272 4.98143 4.59589 5.57212 5.26647 4.478 4.44106 4.42068 6.35191 8.89451 8.77367 7.06269 5.09078 4.81686 4.75707 6.68851 8.42365 8.83361 6.36326 5.67902 5.58296 5.38726
threshold=2.5000000000000004 1.5000000000000002 4.5000000000000009 5.5000000000000009 1.5000000000000002 4.5000000000000009 1.5000000000000002 2.5000000000000004 1.0000000180025095e-35 6.5000000000000009 1.0000000180025095e-35 21.000000000000004 1.5000000000000002 1.0000000180025095e-35 1.0000000180025095e-35 4.5000000000000009 1.5000000000000002 3.5000000000000004 45.000000000000007 1.0000000180025095e-35 1.0000000180025095e-35 5.5000000000000009 1.0000000180025095e-35 1.0000000180025095e-35 1.5000000000000002 1.0000000180025095e-35 1.0000000180025095e-35 6.5000000000000009 1.0000000180025095e-35 1.0000000180025095e-35
decision_type=2 2 2 2 2 2 2 2 2 2 2 2 2 2 2 2 2 2 2 2 2 2 2 2 2 2 2 2 2 2
left_child=1 -1 9 4 5 6 -4 8 -8 15 12 -12 -6 -13 -9 21 22 -18 19 20 -19 -2 29 24 25 26 -24 -25 -28 -17
right_child=2 -3 3 -5 10 -7 7 14 -10 -11 11 13 -14 -15 -16 16 17 18 -20 -21 -22 -23 23 27 -26 -27 28 -29 -30 -31
leaf_value=-0.00024430740225836825 0.00020286150554392601 -0.0030950350635533573 0.0060436031952018649 0.065074723489191896 0.012975630868180019 0.029347085343455981 -0.016531679231451515 -0.075624009438070225 0.026149929814744417 -0.051662385759647669 -0.0023020453043094426 -0.027478007365238668 -0.027679548714743853 -0.083041384588717237 -0.016729933306804192 0.0080413686754427383 0.032808358046690779 -0.0089874239957375961 0.057270126023938342 0.021692000556089264 -0.063566555120483828 -0.03598129777737457 0.016014592862375915 0.018241258117207348 0.01964829021942055 -0.043540170111687281 -0.0049859475927293909 -0.0063277682773124682 -0.070940086748128087 -0.0037166829848396029
leaf_weight=28730.043345913291 25574.837573572993 3056.0242347121239 589.24070371687412 9.2161601930856687 23.702268794178963 25.803403273224831 34.401826053857803 5.9041125476360303 17.878674417734146 4.6123477816581717 12.140516459941866 10.134201198816298 11.998018488287924 5.6465869545936576 6.9915092140436172 136.20993165671825 42.626650437712669 9.9512387663126081 5.2038308382034293 9.2175148129463178 7.4866503328084937 9.2007543593645078 22.373355403542519 135.99896705150604 26.44474133849144 17.897887408733368 9.889378219842909 28.438196510076523 4.7496891617774954 342.05768346786499
leaf_count=127070 113129 13465 2623 41 105 115 152 26 79 20 54 45 53 25 31 603 189 44 23 41 33 40 99 602 117 79 44 126 21 1516
internal_value=-8.88685e-05 -0.000518386 0.000414173 0.00458612 0.00383667 0.0053714 0.00442605 -0.0101978 -0.00193559 0.000295111 -0.0125722 -0.0277679 -0.000687609 -0.0473594 -0.0436939 0.000304195 0.00396765 0.0178711 -0.00211449 -0.0137079 -0.03242 0.000189849 0.00253736 0.00819069 -0.00353554 -0.0147008 -0.000755182 0.0139922 -0.026385 -0.000368007
internal_weight=58926.3 31786.1 27140.3 753.058 743.842 680.22 654.417 65.1761 52.2805 26387.2 63.6216 27.9213 35.7003 15.7808 12.8956 26382.6 798.546 74.4859 31.8592 26.6554 17.4379 25584 724.06 245.792 81.3551 54.9103 37.0124 164.437 14.6391 478.268
internal_count=260610 140535 120075 3349 3308 3026 2911 288 231 116726 282 124 158 70 57 116706 3537 330 141 118 77 113169 3207 1088 360 243 164 728 65 2119
is_linear=0
shrinkage=0.05


Tree=17
num_leaves=31
num_cat=0
split_feature=5 4 2 13 3 14 14 17 13 16 0 9 8 15 0 3 3 3 17 14 1 2 4 15 4 11 17 17 0 1
split_gain=7.44418 5.06926 4.8928 4.72194 4.6072 7.58313 5.32552 5.15441 7.17674 5.6067 5.27014 4.9318 6.54368 9.77441 12.7667 10.5459 7.62133 6.44505 8.2983 6.02427 5.91739 5.90111 6.98204 5.79915 5.96672 9.80581 7.59514 5.74986 5.95824 8.6983
threshold=1.0000000180025095e-35 19.000000000000004 13.500000000000002 2.5000000000000004 5.5000000000000009 19.000000000000004 25.000000000000004 1.5000000000000002 1.0000000180025095e-35 1.0000000180025095e-35 1.0000000180025095e-35 1.0000000180025095e-35 1.0000000180025095e-35 2.5000000000000004 2.5000000000000004 2.5000000000000004 4.5000000000000009 1.0000000180025095e-35 6.5000000000000009 53.000000000000007 1.5000000000000002 3.5000000000000004 5.5000000000000009 1.5000000000000002 5.5000000000000009 1.5000000000000002 1.0000000180025095e-35 3.5000000000000004 7.5000000000000009 1.0000000180025095e-35
decision_type=2 2 2 2 2 2 2 2 2 2 2 2 2 2 2 2 2 2 2 2 2 2 2 2 2 2 2 2 2 2
left_child=-1 2 4 -4 11 7 -7 8 -6 10 -9 17 -13 -14 16 -16 19 18 23 21 -18 22 -15 -2 -25 -26 -27 28 -19 -30
right_child=1 -3 3 -5 5 6 -8 9 -10 -11 -12 12 13 14 15 -17 20 27 -20 -21 -22 -23 -24 24 25 26 -28 -29 29 -31
leaf_value=-0.00082427245237574442 -0.00099818212797030863 0.044601866987982276 0.0010050580574187658 0.054989778100623221 -0.043350047276607122 0.024341745509486968 0.0068003454639960458 -0.026819024808489772 0.0058167865364067775 -0.024884933856943819 0.028724742553013084 0.00027750056958538588 -0.00095487134693329517 -0.0014789076251339021 -0.010373350487755624 -0.0388842350627773 -0.044897551807740833 0.0011284146973989104 0.017116323582552755 0.010728375340613598 0.0013604988122616637 -0.014871134204118475 -0.050150301918197193 0.0013631185330185973 -0.0048767039661659108 -0.099069677632691255 -0.017001234944412292 0.0052333046391483257 -0.027523741024705645 0.039283663132526798
leaf_weight=20404.884955316782 8208.3994951695204 6.4726671129465094 8.154972970485689 8.0481202900409681 7.9247213006019583 50.880179971456528 289.23637996613979 6.782203376293185 117.00488325953484 42.949021965265274 11.532303944230078 8287.7916691303253 3402.6608301848173 462.76034688949585 88.841997906565666 51.083673372864723 19.737930417060856 11246.15249723196 69.692242249846458 70.519976332783699 10.640405505895613 115.41613551974297 7.4876487106084815 4896.8061355054379 51.077109634876251 5.4167950451374036 5.8788390606641769 951.45551116764545 6.287160292267802 21.648866266012192
leaf_count=89980 36389 29 37 37 35 225 1281 30 518 190 51 36659 15009 2044 391 223 87 49859 316 311 47 505 33 21717 226 24 26 4236 28 96
internal_value=-5.2086e-05 0.000356865 0.000349431 0.0278194 0.000337872 0.00498388 0.00942447 -0.00312771 0.00269796 -0.0150075 0.00815585 0.000273489 -0.000539155 -0.00213954 -0.00701684 -0.020782 -0.00421142 0.000672967 -9.15106e-05 -0.00307793 -0.0286951 -0.00474036 -0.00225389 -0.000182587 0.00116738 -0.0141997 -0.056357 0.00150071 0.0011857 0.0242483
internal_weight=58933.6 38528.7 38522.3 16.2031 38506.1 526.31 340.117 186.193 124.93 61.2635 18.3145 37979.8 12516.9 4229.15 826.488 139.926 686.562 25462.8 13237.3 656.184 30.3783 585.664 470.248 13167.6 4959.18 62.3727 11.2956 12225.5 11274.1 27.936
internal_count=260639 170659 170630 74 170556 2330 1506 824 553 271 81 168226 55309 18650 3641 614 3027 112917 58698 2893 134 2582 2077 58382 21993 276 50 54219 49983 124
is_linear=0
shrinkage=0.05


Tree=18
num_leaves=31
num_cat=0
split_feature=5 13 17 8 5 14 5 14 11 0 14 16 3 15 17 8 1 14 8 5 17 16 16 0 8 17 7 14 3 14
split_gain=8.03739 4.48702 4.67364 5.11383 5.09454 4.90103 7.62599 8.2452 4.91102 4.80587 5.63835 4.42771 4.06823 3.87898 4.35553 4.36905 9.40019 4.56693 4.26165 4.15269 4.44266 4.54023 6.22085 4.18839 5.5547 8.1999 5.95592 3.92625 3.81409 3.64851
threshold=10.500000000000002 4.5000000000000009 6.5000000000000009 5.5000000000000009 2.5000000000000004 37.000000000000007 1.5000000000000002 53.000000000000007 1.0000000180025095e-35 2.5000000000000004 31.000000000000004 3.5000000000000004 1.0000000180025095e-35 1.0000000180025095e-35 1.0000000180025095e-35 1.5000000000000002 1.0000000180025095e-35 13.000000000000002 4.5000000000000009 1.0000000180025095e-35 5.5000000000000009 2.5000000000000004 5.5000000000000009 1.0000000180025095e-35 1.0000000180025095e-35 1.0000000180025095e-35 1.5000000000000002 15.000000000000002 1.0000000180025095e-35 11.000000000000002
decision_type=2 2 2 2 2 2 2 2 2 2 2 2 2 2 2 2 2 2 2 2 2 2 2 2 2 2 2 2 2 2
left_child=1 2 3 -1 5 8 7 -7 -4 11 -11 -6 -5 14 15 -3 29 28 19 20 21 -15 23 -23 26 -26 -25 -19 -18 -17
right_child=-2 13 4 12 9 6 -8 -9 -10 10 -12 -13 -14 18 -16 16 17 27 -20 -21 -22 22 -24 24 25 -27 -28 -29 -30 -31
leaf_value=4.5658309105174503e-05 0.023966948324880066 -0.0021085512356918616 -0.014255130715886091 -0.0060783693680203027 0.029869593863949169 0.041147872025193162 -0.01085781455015491 -0.016132728979662087 0.011997224691971252 -0.046014184904621051 0.021591227204007385 -0.0094070993480200645 0.043993246787594691 -0.00098811558183832483 0.0020667725449906647 -0.063001598509953446 -0.042808330578489338 0.051287586619325587 -0.045707790151549431 0.0042925802734963764 -0.03714492848072095 0.02586181099664674 -0.031166383047101256 0.019675724509821788 0.024314665872291148 -0.036924809358119252 -0.038884358798553148 -0.00039626600497376602 -0.00031985302522785175 -0.021069284972698912
leaf_weight=54447.488705426455 35.606356367468834 568.59686326980591 55.669852986931801 6.1907870620489147 50.72535502910614 26.625054255127907 20.404031068086624 8.2225933372974378 26.198005080223083 5.7787333279848081 6.6139784008264542 8.3577105700969678 11.767270833253859 754.213477820158 829.15734326839447 11.104134485125543 8.3796508014202136 5.8994207233190528 4.5062333196401587 1870.0661157816648 7.9186593890190116 38.494232431054115 8.8261923491954786 49.323388889431953 8.6108256876468676 14.967910081148146 4.7610764205455771 9.7436308711767179 14.287844553589819 9.7357018589973432
leaf_count=240730 179 2514 249 28 231 120 92 37 118 26 30 38 54 3331 3674 49 37 26 20 8294 35 170 39 218 38 66 21 43 63 43
internal_value=0.000218654 0.000204296 8.30658e-05 5.44571e-05 0.00755297 0.0019114 0.013418 0.027632 -0.00585428 0.0183758 -0.00993324 0.0243136 0.0267318 0.00177547 -0.000311977 -0.00345394 -0.0163868 -0.00168577 0.00287669 0.0029561 0.000138749 0.000474551 0.00930101 0.0123759 0.00569155 -0.0145605 0.0145207 0.0190951 -0.0160269 -0.0434122
internal_weight=58928.2 58892.6 54674 54465.4 208.595 137.12 55.2517 34.8476 81.8679 71.4758 12.3927 59.0831 17.9581 4218.59 1456.9 627.747 59.1504 38.3105 2761.69 2757.18 887.116 879.197 124.984 116.157 77.6632 23.5787 54.0845 15.6431 22.6675 20.8398
internal_count=260613 260434 241753 240812 941 616 249 157 367 325 56 269 82 18681 6449 2775 261 169 12232 12212 3918 3883 552 513 343 104 239 69 100 92
is_linear=0
shrinkage=0.05


Tree=19
num_leaves=31
num_cat=0
split_feature=5 3 16 16 15 2 17 13 14 14 2 3 15 6 15 8 5 11 1 17 3 14 16 6 14 4 4 9 5 16
split_gain=5.8134 9.33283 10.0651 6.66242 5.8377 5.75162 7.88772 6.6197 9.13756 9.92891 6.86527 7.33775 5.97687 5.674 6.57326 7.64445 15.8527 5.21876 5.06171 6.12189 4.95215 7.25512 7.01389 6.76932 5.6057 5.42454 5.42107 4.98197 5.93808 5.26987
threshold=2.5000000000000004 1.0000000180025095e-35 8.5000000000000018 8.5000000000000018 2.5000000000000004 4.5000000000000009 5.5000000000000009 2.5000000000000004 51.000000000000007 31.000000000000004 5.5000000000000009 2.5000000000000004 2.5000000000000004 1.5000000000000002 1.5000000000000002 2.5000000000000004 1.0000000180025095e-35 4.5000000000000009 1.0000000180025095e-35 1.5000000000000002 3.5000000000000004 13.000000000000002 4.5000000000000009 3.5000000000000004 17.000000000000004 1.5000000000000002 2.5000000000000004 1.0000000180025095e-35 3.5000000000000004 1.5000000000000002
decision_type=2 2 2 2 2 2 2 2 2 2 2 2 2 2 2 2 2 2 2 2 2 2 2 2 2 2 2 2 2 2
left_child=3 2 4 5 -2 -1 7 -7 9 13 11 18 -10 -9 -15 16 -16 20 19 -11 23 22 27 -3 -23 -25 -26 28 29 -22
right_child=1 17 -4 -5 -6 6 -8 8 12 10 -12 -13 -14 14 15 -17 -18 -19 -20 -21 21 24 -24 25 26 -27 -28 -29 -30 -31
leaf_value=-0.000192026793753817 -0.0020333384702497497 0.0028960699492399152 -0.061628322852714718 0.02731678918023436 0.0027918749908139385 -0.0059376427522644234 -0.041874937686932595 5.5762668638359062e-05 -0.0089852146875863265 -0.03366822533701145 0.021463914216102109 0.031296621726520278 -0.044519440927930025 -0.034374114266032929 0.038604581787192054 0.051383188960771757 -0.089211472502005618 -0.013278544975080984 0.0060457342198592182 0.0099930670847788311 -0.037577252968315315 -0.01629513334594478 -0.037190732197986041 -0.0033397088114948802 0.00015044388252311665 -0.04468124569560409 -0.012924958337416798 0.01436358208408885 0.018624241806905816 0.013772914949062848
leaf_weight=46962.28344258666 2727.4182888567448 5789.4117984175682 6.841679483652114 21.860519930720329 813.87781046330929 847.304229170084 13.104383304715155 398.86238756775856 66.9974674731493 21.762011080980301 93.889290675520897 19.766761407256126 14.37223896384239 26.5514015853405 5.2278804033994657 5.9029893577098838 4.526172012090683 54.495735138654709 66.496776506304741 12.721788197755812 16.251720011234287 79.927705675363541 8.359583377838133 19.967195898294449 455.27767963707447 13.167114421725271 95.983378157019615 130.9912034124136 14.834666579961775 7.2143540531396857
leaf_count=207543 12113 25719 30 98 3620 3724 58 1757 295 96 416 87 63 117 23 26 20 244 293 56 72 354 37 88 2020 58 426 581 66 32
internal_value=-5.18128e-05 0.00103125 -0.00104144 -0.000279966 -0.000924385 -0.000292389 -0.0032428 -0.00292328 0.000541878 0.002503 0.011323 0.00343772 -0.0152616 -0.00178904 -0.0192221 0.006473 -0.0207059 0.0021312 -0.0020156 -0.0175607 0.00225783 -0.00140814 0.00751784 0.00276709 -0.00392041 -0.0197683 -0.00212619 0.00972554 -0.0061369 -0.0217903
internal_weight=58815.6 10234 3548.14 48581.6 3541.3 48559.8 1597.49 1584.38 737.077 655.707 214.637 120.747 81.3697 441.071 42.2084 15.657 9.75405 6685.88 100.981 34.4838 6631.39 808.84 177.652 5822.55 631.189 33.1343 551.261 169.292 38.3007 23.4661
internal_count=260132 45460 15763 214672 15733 214574 7031 6973 3249 2891 948 532 358 1943 186 69 43 29697 445 152 29453 3588 788 25865 2800 146 2446 751 170 104
is_linear=0
shrinkage=0.05


end of trees

feature_importances:
second=81
read_rate_t-1=52
read_rate_t-4=45
precursor_rate_2=45
precursor_rate_1=43
read_rate_t-5=39
read_rate_t-6=38
read_rate_t-2=37
precursor_rate_0=36
read_rate_t-3=31
write_rate_t-4=30
write_rate_t-3=27
write_rate_t-1=25
minute=24
write_rate_t-6=20
write_rate_t-5=15
write_rate_t-2=12

parameters:
[boosting: gbdt]
[objective: binary]
[metric: binary_logloss]
[tree_learner: serial]
[device_type: cpu]
[data_sample_strategy: bagging]
[data: ]
[valid: ]
[num_iterations: 500]
[learning_rate: 0.05]
[num_leaves: 31]
[num_threads: 0]
[seed: 42]
[deterministic: 0]
[force_col_wise: 0]
[force_row_wise: 0]
[histogram_pool_size: -1]
[max_depth: -1]
[min_data_in_leaf: 20]
[min_sum_hessian_in_leaf: 0.001]
[bagging_fraction: 0.8]
[pos_bagging_fraction: 1]
[neg_bagging_fraction: 1]
[bagging_freq: 1]
[bagging_seed: 400]
[bagging_by_query: 0]
[feature_fraction: 0.9]
[feature_fraction_bynode: 1]
[feature_fraction_seed: 30056]
[extra_trees: 0]
[extra_seed: 12879]
[early_stopping_round: 0]
[early_stopping_min_delta: 0]
[first_metric_only: 0]
[max_delta_step: 0]
[lambda_l1: 0]
[lambda_l2: 0]
[linear_lambda: 0]
[min_gain_to_split: 0]
[drop_rate: 0.1]
[max_drop: 50]
[skip_drop: 0.5]
[xgboost_dart_mode: 0]
[uniform_drop: 0]
[drop_seed: 17869]
[top_rate: 0.2]
[other_rate: 0.1]
[min_data_per_group: 100]
[max_cat_threshold: 32]
[cat_l2: 10]
[cat_smooth: 10]
[max_cat_to_onehot: 4]
[top_k: 20]
[monotone_constraints: ]
[monotone_constraints_method: basic]
[monotone_penalty: 0]
[feature_contri: ]
[forcedsplits_filename: ]
[refit_decay_rate: 0.9]
[cegb_tradeoff: 1]
[cegb_penalty_split: 0]
[cegb_penalty_feature_lazy: ]
[cegb_penalty_feature_coupled: ]
[path_smooth: 0]
[interaction_constraints: ]
[verbosity: -1]
[saved_feature_importance_type: 0]
[use_quantized_grad: 0]
[num_grad_quant_bins: 4]
[quant_train_renew_leaf: 0]
[stochastic_rounding: 1]
[linear_tree: 0]
[max_bin: 255]
[max_bin_by_feature: ]
[min_data_in_bin: 3]
[bin_construct_sample_cnt: 200000]
[data_random_seed: 175]
[is_enable_sparse: 1]
[enable_bundle: 1]
[use_missing: 1]
[zero_as_missing: 0]
[feature_pre_filter: 1]
[pre_partition: 0]
[two_round: 0]
[header: 0]
[label_column: ]
[weight_column: ]
[group_column: ]
[ignore_column: ]
[categorical_feature: ]
[forcedbins_filename: ]
[precise_float_parser: 0]
[parser_config_file: ]
[objective_seed: 16083]
[num_class: 1]
[is_unbalance: 0]
[scale_pos_weight: 1]
[sigmoid: 1]
[boost_from_average: 1]
[reg_sqrt: 0]
[alpha: 0.9]
[fair_c: 1]
[poisson_max_delta_step: 0.7]
[tweedie_variance_power: 1.5]
[lambdarank_truncation_level: 30]
[lambdarank_norm: 1]
[label_gain: ]
[lambdarank_position_bias_regularization: 0]
[eval_at: ]
[multi_error_top_k: 1]
[auc_mu_weights: ]
[num_machines: 1]
[local_listen_port: 12400]
[time_out: 120]
[machine_list_filename: ]
[machines: ]
[gpu_platform_id: -1]
[gpu_device_id: -1]
[gpu_device_id_list: ]
[gpu_use_dp: 0]
[num_gpu: 1]

end of parameters

pandas_categorical:null
